# Created by Octave 4.0.3, Tue Aug 15 00:48:07 2017 CEST <timo@timo-Lenovo-ideapad-100-14IBY>
# name: H_j
# type: matrix
# rows: 36
# columns: 36
 0 1 2 -2 -1 0 1 0 0 0 0 0 2 0 0 0 0 0 -2 0 0 0 0 0 -1 0 0 0 0 0 0 0 0 0 0 0
 1 0 1 1 0 -1 0 1 0 0 0 0 0 2 0 0 0 0 0 -2 0 0 0 0 0 -1 0 0 0 0 0 0 0 0 0 0
 2 1 0 0 1 2 0 0 1 0 0 0 0 0 2 0 0 0 0 0 -2 0 0 0 0 0 -1 0 0 0 0 0 0 0 0 0
 -2 1 0 0 1 -2 0 0 0 1 0 0 0 0 0 2 0 0 0 0 0 -2 0 0 0 0 0 -1 0 0 0 0 0 0 0 0
 -1 0 1 1 0 1 0 0 0 0 1 0 0 0 0 0 2 0 0 0 0 0 -2 0 0 0 0 0 -1 0 0 0 0 0 0 0
 0 -1 2 -2 1 0 0 0 0 0 0 1 0 0 0 0 0 2 0 0 0 0 0 -2 0 0 0 0 0 -1 0 0 0 0 0 0
 1 0 0 0 0 0 0 1 2 -2 -1 0 1 0 0 0 0 0 1 0 0 0 0 0 0 0 0 0 0 0 -1 0 0 0 0 0
 0 1 0 0 0 0 1 0 1 1 0 -1 0 1 0 0 0 0 0 1 0 0 0 0 0 0 0 0 0 0 0 -1 0 0 0 0
 0 0 1 0 0 0 2 1 0 0 1 2 0 0 1 0 0 0 0 0 1 0 0 0 0 0 0 0 0 0 0 0 -1 0 0 0
 0 0 0 1 0 0 -2 1 0 0 1 -2 0 0 0 1 0 0 0 0 0 1 0 0 0 0 0 0 0 0 0 0 0 -1 0 0
 0 0 0 0 1 0 -1 0 1 1 0 1 0 0 0 0 1 0 0 0 0 0 1 0 0 0 0 0 0 0 0 0 0 0 -1 0
 0 0 0 0 0 1 0 -1 2 -2 1 0 0 0 0 0 0 1 0 0 0 0 0 1 0 0 0 0 0 0 0 0 0 0 0 -1
 2 0 0 0 0 0 1 0 0 0 0 0 0 1 2 -2 -1 0 0 0 0 0 0 0 1 0 0 0 0 0 2 0 0 0 0 0
 0 2 0 0 0 0 0 1 0 0 0 0 1 0 1 1 0 -1 0 0 0 0 0 0 0 1 0 0 0 0 0 2 0 0 0 0
 0 0 2 0 0 0 0 0 1 0 0 0 2 1 0 0 1 2 0 0 0 0 0 0 0 0 1 0 0 0 0 0 2 0 0 0
 0 0 0 2 0 0 0 0 0 1 0 0 -2 1 0 0 1 -2 0 0 0 0 0 0 0 0 0 1 0 0 0 0 0 2 0 0
 0 0 0 0 2 0 0 0 0 0 1 0 -1 0 1 1 0 1 0 0 0 0 0 0 0 0 0 0 1 0 0 0 0 0 2 0
 0 0 0 0 0 2 0 0 0 0 0 1 0 -1 2 -2 1 0 0 0 0 0 0 0 0 0 0 0 0 1 0 0 0 0 0 2
 -2 0 0 0 0 0 1 0 0 0 0 0 0 0 0 0 0 0 0 1 2 -2 -1 0 1 0 0 0 0 0 -2 0 0 0 0 0
 0 -2 0 0 0 0 0 1 0 0 0 0 0 0 0 0 0 0 1 0 1 1 0 -1 0 1 0 0 0 0 0 -2 0 0 0 0
 0 0 -2 0 0 0 0 0 1 0 0 0 0 0 0 0 0 0 2 1 0 0 1 2 0 0 1 0 0 0 0 0 -2 0 0 0
 0 0 0 -2 0 0 0 0 0 1 0 0 0 0 0 0 0 0 -2 1 0 0 1 -2 0 0 0 1 0 0 0 0 0 -2 0 0
 0 0 0 0 -2 0 0 0 0 0 1 0 0 0 0 0 0 0 -1 0 1 1 0 1 0 0 0 0 1 0 0 0 0 0 -2 0
 0 0 0 0 0 -2 0 0 0 0 0 1 0 0 0 0 0 0 0 -1 2 -2 1 0 0 0 0 0 0 1 0 0 0 0 0 -2
 -1 0 0 0 0 0 0 0 0 0 0 0 1 0 0 0 0 0 1 0 0 0 0 0 0 1 2 -2 -1 0 1 0 0 0 0 0
 0 -1 0 0 0 0 0 0 0 0 0 0 0 1 0 0 0 0 0 1 0 0 0 0 1 0 1 1 0 -1 0 1 0 0 0 0
 0 0 -1 0 0 0 0 0 0 0 0 0 0 0 1 0 0 0 0 0 1 0 0 0 2 1 0 0 1 2 0 0 1 0 0 0
 0 0 0 -1 0 0 0 0 0 0 0 0 0 0 0 1 0 0 0 0 0 1 0 0 -2 1 0 0 1 -2 0 0 0 1 0 0
 0 0 0 0 -1 0 0 0 0 0 0 0 0 0 0 0 1 0 0 0 0 0 1 0 -1 0 1 1 0 1 0 0 0 0 1 0
 0 0 0 0 0 -1 0 0 0 0 0 0 0 0 0 0 0 1 0 0 0 0 0 1 0 -1 2 -2 1 0 0 0 0 0 0 1
 0 0 0 0 0 0 -1 0 0 0 0 0 2 0 0 0 0 0 -2 0 0 0 0 0 1 0 0 0 0 0 0 1 2 -2 -1 0
 0 0 0 0 0 0 0 -1 0 0 0 0 0 2 0 0 0 0 0 -2 0 0 0 0 0 1 0 0 0 0 1 0 1 1 0 -1
 0 0 0 0 0 0 0 0 -1 0 0 0 0 0 2 0 0 0 0 0 -2 0 0 0 0 0 1 0 0 0 2 1 0 0 1 2
 0 0 0 0 0 0 0 0 0 -1 0 0 0 0 0 2 0 0 0 0 0 -2 0 0 0 0 0 1 0 0 -2 1 0 0 1 -2
 0 0 0 0 0 0 0 0 0 0 -1 0 0 0 0 0 2 0 0 0 0 0 -2 0 0 0 0 0 1 0 -1 0 1 1 0 1
 0 0 0 0 0 0 0 0 0 0 0 -1 0 0 0 0 0 2 0 0 0 0 0 -2 0 0 0 0 0 1 0 -1 2 -2 1 0


