0.000000000000000000e+00
3.200000000000000067e-02
6.400000000000000133e-02
9.600000000000000200e-02
1.280000000000000027e-01
1.600000000000000033e-01
1.920000000000000040e-01
2.240000000000000047e-01
2.560000000000000053e-01
2.880000000000000338e-01
3.200000000000000067e-01
3.519999999999999796e-01
3.840000000000000080e-01
4.160000000000000364e-01
4.480000000000000093e-01
4.799999999999999822e-01
5.120000000000000107e-01
5.440000000000000391e-01
5.760000000000000675e-01
6.079999999999999849e-01
6.400000000000000133e-01
6.720000000000000417e-01
7.039999999999999591e-01
7.359999999999999876e-01
7.680000000000000160e-01
8.000000000000000444e-01
8.320000000000000728e-01
8.639999999999999902e-01
8.960000000000000187e-01
9.280000000000000471e-01
9.599999999999999645e-01
9.919999999999999929e-01
1.024000000000000021e+00
1.056000000000000050e+00
1.088000000000000078e+00
1.120000000000000107e+00
1.152000000000000135e+00
1.183999999999999941e+00
1.215999999999999970e+00
1.247999999999999998e+00
1.280000000000000027e+00
1.312000000000000055e+00
1.344000000000000083e+00
1.376000000000000112e+00
1.407999999999999918e+00
1.439999999999999947e+00
1.471999999999999975e+00
1.504000000000000004e+00
1.536000000000000032e+00
1.568000000000000060e+00
1.600000000000000089e+00
1.632000000000000117e+00
1.664000000000000146e+00
1.695999999999999952e+00
1.727999999999999980e+00
1.760000000000000009e+00
1.792000000000000037e+00
1.824000000000000066e+00
1.856000000000000094e+00
1.888000000000000123e+00
1.919999999999999929e+00
1.951999999999999957e+00
1.983999999999999986e+00
2.016000000000000014e+00
2.048000000000000043e+00
2.080000000000000071e+00
2.112000000000000099e+00
2.144000000000000128e+00
2.176000000000000156e+00
2.208000000000000185e+00
2.240000000000000213e+00
2.272000000000000242e+00
2.304000000000000270e+00
2.335999999999999854e+00
2.367999999999999883e+00
2.399999999999999911e+00
2.431999999999999940e+00
2.463999999999999968e+00
2.495999999999999996e+00
2.528000000000000025e+00
2.560000000000000053e+00
2.592000000000000082e+00
2.624000000000000110e+00
2.656000000000000139e+00
2.688000000000000167e+00
2.720000000000000195e+00
2.752000000000000224e+00
2.784000000000000252e+00
2.815999999999999837e+00
2.847999999999999865e+00
2.879999999999999893e+00
2.911999999999999922e+00
2.943999999999999950e+00
2.975999999999999979e+00
3.008000000000000007e+00
3.040000000000000036e+00
3.072000000000000064e+00
3.104000000000000092e+00
3.136000000000000121e+00
3.168000000000000149e+00
3.200000000000000178e+00
3.232000000000000206e+00
3.264000000000000234e+00
3.296000000000000263e+00
3.328000000000000291e+00
3.359999999999999876e+00
3.391999999999999904e+00
3.423999999999999932e+00
3.455999999999999961e+00
3.487999999999999989e+00
3.520000000000000018e+00
3.552000000000000046e+00
3.584000000000000075e+00
3.616000000000000103e+00
3.648000000000000131e+00
3.680000000000000160e+00
3.712000000000000188e+00
3.744000000000000217e+00
3.776000000000000245e+00
3.808000000000000274e+00
3.839999999999999858e+00
3.871999999999999886e+00
3.903999999999999915e+00
3.935999999999999943e+00
3.967999999999999972e+00
4.000000000000000000e+00
4.032000000000000028e+00
4.064000000000000057e+00
4.096000000000000085e+00
4.128000000000000114e+00
4.160000000000000142e+00
4.192000000000000171e+00
4.224000000000000199e+00
4.256000000000000227e+00
4.288000000000000256e+00
4.320000000000000284e+00
4.352000000000000313e+00
4.384000000000000341e+00
4.416000000000000369e+00
4.448000000000000398e+00
4.480000000000000426e+00
4.512000000000000455e+00
4.544000000000000483e+00
4.576000000000000512e+00
4.608000000000000540e+00
4.639999999999999680e+00
4.671999999999999709e+00
4.703999999999999737e+00
4.735999999999999766e+00
4.767999999999999794e+00
4.799999999999999822e+00
4.831999999999999851e+00
4.863999999999999879e+00
4.895999999999999908e+00
4.927999999999999936e+00
4.959999999999999964e+00
4.991999999999999993e+00
5.024000000000000021e+00
5.056000000000000050e+00
5.088000000000000078e+00
5.120000000000000107e+00
5.152000000000000135e+00
5.184000000000000163e+00
5.216000000000000192e+00
5.248000000000000220e+00
5.280000000000000249e+00
5.312000000000000277e+00
5.344000000000000306e+00
5.376000000000000334e+00
5.408000000000000362e+00
5.440000000000000391e+00
5.472000000000000419e+00
5.504000000000000448e+00
5.536000000000000476e+00
5.568000000000000504e+00
5.600000000000000533e+00
5.631999999999999673e+00
5.663999999999999702e+00
5.695999999999999730e+00
5.727999999999999758e+00
5.759999999999999787e+00
5.791999999999999815e+00
5.823999999999999844e+00
5.855999999999999872e+00
5.887999999999999901e+00
5.919999999999999929e+00
5.951999999999999957e+00
5.983999999999999986e+00
6.016000000000000014e+00
6.048000000000000043e+00
6.080000000000000071e+00
6.112000000000000099e+00
6.144000000000000128e+00
6.176000000000000156e+00
6.208000000000000185e+00
6.240000000000000213e+00
6.272000000000000242e+00
6.304000000000000270e+00
6.336000000000000298e+00
6.368000000000000327e+00
6.400000000000000355e+00
6.432000000000000384e+00
6.464000000000000412e+00
6.496000000000000441e+00
6.528000000000000469e+00
6.560000000000000497e+00
6.592000000000000526e+00
6.624000000000000554e+00
6.656000000000000583e+00
6.687999999999999723e+00
6.719999999999999751e+00
6.751999999999999780e+00
6.783999999999999808e+00
6.815999999999999837e+00
6.847999999999999865e+00
6.879999999999999893e+00
6.911999999999999922e+00
6.943999999999999950e+00
6.975999999999999979e+00
7.008000000000000007e+00
7.040000000000000036e+00
7.072000000000000064e+00
7.104000000000000092e+00
7.136000000000000121e+00
7.168000000000000149e+00
7.200000000000000178e+00
7.232000000000000206e+00
7.264000000000000234e+00
7.296000000000000263e+00
7.328000000000000291e+00
7.360000000000000320e+00
7.392000000000000348e+00
7.424000000000000377e+00
7.456000000000000405e+00
7.488000000000000433e+00
7.520000000000000462e+00
7.552000000000000490e+00
7.584000000000000519e+00
7.616000000000000547e+00
7.648000000000000576e+00
7.679999999999999716e+00
7.711999999999999744e+00
7.743999999999999773e+00
7.775999999999999801e+00
7.807999999999999829e+00
7.839999999999999858e+00
7.871999999999999886e+00
7.903999999999999915e+00
7.935999999999999943e+00
7.967999999999999972e+00
8.000000000000000000e+00
8.032000000000000028e+00
8.064000000000000057e+00
8.096000000000000085e+00
8.128000000000000114e+00
8.160000000000000142e+00
8.192000000000000171e+00
8.224000000000000199e+00
8.256000000000000227e+00
8.288000000000000256e+00
8.320000000000000284e+00
8.352000000000000313e+00
8.384000000000000341e+00
8.416000000000000369e+00
8.448000000000000398e+00
8.480000000000000426e+00
8.512000000000000455e+00
8.544000000000000483e+00
8.576000000000000512e+00
8.608000000000000540e+00
8.640000000000000568e+00
8.672000000000000597e+00
8.704000000000000625e+00
8.736000000000000654e+00
8.768000000000000682e+00
8.800000000000000711e+00
8.832000000000000739e+00
8.864000000000000767e+00
8.896000000000000796e+00
8.928000000000000824e+00
8.960000000000000853e+00
8.992000000000000881e+00
9.024000000000000909e+00
9.056000000000000938e+00
9.088000000000000966e+00
9.120000000000000995e+00
9.152000000000001023e+00
9.184000000000001052e+00
9.216000000000001080e+00
9.247999999999999332e+00
9.279999999999999361e+00
9.311999999999999389e+00
9.343999999999999417e+00
9.375999999999999446e+00
9.407999999999999474e+00
9.439999999999999503e+00
9.471999999999999531e+00
9.503999999999999559e+00
9.535999999999999588e+00
9.567999999999999616e+00
9.599999999999999645e+00
9.631999999999999673e+00
9.663999999999999702e+00
9.695999999999999730e+00
9.727999999999999758e+00
9.759999999999999787e+00
9.791999999999999815e+00
9.823999999999999844e+00
9.855999999999999872e+00
9.887999999999999901e+00
9.919999999999999929e+00
9.951999999999999957e+00
9.983999999999999986e+00
1.001600000000000001e+01
1.004800000000000004e+01
1.008000000000000007e+01
1.011200000000000010e+01
1.014400000000000013e+01
1.017600000000000016e+01
1.020800000000000018e+01
1.024000000000000021e+01
1.027200000000000024e+01
1.030400000000000027e+01
1.033600000000000030e+01
1.036800000000000033e+01
1.040000000000000036e+01
1.043200000000000038e+01
1.046400000000000041e+01
1.049600000000000044e+01
1.052800000000000047e+01
1.056000000000000050e+01
1.059200000000000053e+01
1.062400000000000055e+01
1.065600000000000058e+01
1.068800000000000061e+01
1.072000000000000064e+01
1.075200000000000067e+01
1.078400000000000070e+01
1.081600000000000072e+01
1.084800000000000075e+01
1.088000000000000078e+01
1.091200000000000081e+01
1.094400000000000084e+01
1.097600000000000087e+01
1.100800000000000090e+01
1.104000000000000092e+01
1.107200000000000095e+01
1.110400000000000098e+01
1.113600000000000101e+01
1.116800000000000104e+01
1.120000000000000107e+01
1.123200000000000109e+01
1.126399999999999935e+01
1.129599999999999937e+01
1.132799999999999940e+01
1.135999999999999943e+01
1.139199999999999946e+01
1.142399999999999949e+01
1.145599999999999952e+01
1.148799999999999955e+01
1.151999999999999957e+01
1.155199999999999960e+01
1.158399999999999963e+01
1.161599999999999966e+01
1.164799999999999969e+01
1.167999999999999972e+01
1.171199999999999974e+01
1.174399999999999977e+01
1.177599999999999980e+01
1.180799999999999983e+01
1.183999999999999986e+01
1.187199999999999989e+01
1.190399999999999991e+01
1.193599999999999994e+01
1.196799999999999997e+01
1.200000000000000000e+01
1.203200000000000003e+01
1.206400000000000006e+01
1.209600000000000009e+01
1.212800000000000011e+01
1.216000000000000014e+01
1.219200000000000017e+01
1.222400000000000020e+01
1.225600000000000023e+01
1.228800000000000026e+01
1.232000000000000028e+01
1.235200000000000031e+01
1.238400000000000034e+01
1.241600000000000037e+01
1.244800000000000040e+01
1.248000000000000043e+01
1.251200000000000045e+01
1.254400000000000048e+01
1.257600000000000051e+01
1.260800000000000054e+01
1.264000000000000057e+01
1.267200000000000060e+01
1.270400000000000063e+01
1.273600000000000065e+01
1.276800000000000068e+01
1.280000000000000071e+01
1.283200000000000074e+01
1.286400000000000077e+01
1.289600000000000080e+01
1.292800000000000082e+01
1.296000000000000085e+01
1.299200000000000088e+01
1.302400000000000091e+01
1.305600000000000094e+01
1.308800000000000097e+01
1.312000000000000099e+01
1.315200000000000102e+01
1.318400000000000105e+01
1.321600000000000108e+01
1.324800000000000111e+01
1.328000000000000114e+01
1.331200000000000117e+01
1.334399999999999942e+01
1.337599999999999945e+01
1.340799999999999947e+01
1.343999999999999950e+01
1.347199999999999953e+01
1.350399999999999956e+01
1.353599999999999959e+01
1.356799999999999962e+01
1.359999999999999964e+01
1.363199999999999967e+01
1.366399999999999970e+01
1.369599999999999973e+01
1.372799999999999976e+01
1.375999999999999979e+01
1.379199999999999982e+01
1.382399999999999984e+01
1.385599999999999987e+01
1.388799999999999990e+01
1.391999999999999993e+01
1.395199999999999996e+01
1.398399999999999999e+01
1.401600000000000001e+01
1.404800000000000004e+01
1.408000000000000007e+01
1.411200000000000010e+01
1.414400000000000013e+01
1.417600000000000016e+01
1.420800000000000018e+01
1.424000000000000021e+01
1.427200000000000024e+01
1.430400000000000027e+01
1.433600000000000030e+01
1.436800000000000033e+01
1.440000000000000036e+01
1.443200000000000038e+01
1.446400000000000041e+01
1.449600000000000044e+01
1.452800000000000047e+01
1.456000000000000050e+01
1.459200000000000053e+01
1.462400000000000055e+01
1.465600000000000058e+01
1.468800000000000061e+01
1.472000000000000064e+01
1.475200000000000067e+01
1.478400000000000070e+01
1.481600000000000072e+01
1.484800000000000075e+01
1.488000000000000078e+01
1.491200000000000081e+01
1.494400000000000084e+01
1.497600000000000087e+01
1.500800000000000090e+01
1.504000000000000092e+01
1.507200000000000095e+01
1.510400000000000098e+01
1.513600000000000101e+01
1.516800000000000104e+01
1.520000000000000107e+01
1.523200000000000109e+01
1.526400000000000112e+01
1.529600000000000115e+01
1.532800000000000118e+01
1.535999999999999943e+01
1.539199999999999946e+01
1.542399999999999949e+01
1.545599999999999952e+01
1.548799999999999955e+01
1.551999999999999957e+01
1.555199999999999960e+01
1.558399999999999963e+01
1.561599999999999966e+01
1.564799999999999969e+01
1.567999999999999972e+01
1.571199999999999974e+01
1.574399999999999977e+01
1.577599999999999980e+01
1.580799999999999983e+01
1.583999999999999986e+01
1.587199999999999989e+01
1.590399999999999991e+01
1.593599999999999994e+01
1.596799999999999997e+01
1.600000000000000000e+01
1.603200000000000003e+01
1.606400000000000006e+01
1.609600000000000009e+01
1.612800000000000011e+01
1.616000000000000014e+01
1.619200000000000017e+01
1.622400000000000020e+01
1.625600000000000023e+01
1.628800000000000026e+01
1.632000000000000028e+01
1.635200000000000031e+01
1.638400000000000034e+01
1.641600000000000037e+01
1.644800000000000040e+01
1.648000000000000043e+01
1.651200000000000045e+01
1.654400000000000048e+01
1.657600000000000051e+01
1.660800000000000054e+01
1.664000000000000057e+01
1.667200000000000060e+01
1.670400000000000063e+01
1.673600000000000065e+01
1.676800000000000068e+01
1.680000000000000071e+01
1.683200000000000074e+01
1.686400000000000077e+01
1.689600000000000080e+01
1.692800000000000082e+01
1.696000000000000085e+01
1.699200000000000088e+01
1.702400000000000091e+01
1.705600000000000094e+01
1.708800000000000097e+01
1.712000000000000099e+01
1.715200000000000102e+01
1.718400000000000105e+01
1.721600000000000108e+01
1.724800000000000111e+01
1.728000000000000114e+01
1.731200000000000117e+01
1.734400000000000119e+01
1.737600000000000122e+01
1.740800000000000125e+01
1.744000000000000128e+01
1.747200000000000131e+01
1.750400000000000134e+01
1.753600000000000136e+01
1.756800000000000139e+01
1.760000000000000142e+01
1.763200000000000145e+01
1.766400000000000148e+01
1.769600000000000151e+01
1.772800000000000153e+01
1.776000000000000156e+01
1.779200000000000159e+01
1.782400000000000162e+01
1.785600000000000165e+01
1.788800000000000168e+01
1.792000000000000171e+01
1.795200000000000173e+01
1.798400000000000176e+01
1.801600000000000179e+01
1.804800000000000182e+01
1.808000000000000185e+01
1.811200000000000188e+01
1.814400000000000190e+01
1.817600000000000193e+01
1.820800000000000196e+01
1.824000000000000199e+01
1.827200000000000202e+01
1.830400000000000205e+01
1.833600000000000207e+01
1.836800000000000210e+01
1.840000000000000213e+01
1.843200000000000216e+01
1.846399999999999864e+01
1.849599999999999866e+01
1.852799999999999869e+01
1.855999999999999872e+01
1.859199999999999875e+01
1.862399999999999878e+01
1.865599999999999881e+01
1.868799999999999883e+01
1.871999999999999886e+01
1.875199999999999889e+01
1.878399999999999892e+01
1.881599999999999895e+01
1.884799999999999898e+01
1.887999999999999901e+01
1.891199999999999903e+01
1.894399999999999906e+01
1.897599999999999909e+01
1.900799999999999912e+01
1.903999999999999915e+01
1.907199999999999918e+01
1.910399999999999920e+01
1.913599999999999923e+01
1.916799999999999926e+01
1.919999999999999929e+01
1.923199999999999932e+01
1.926399999999999935e+01
1.929599999999999937e+01
1.932799999999999940e+01
1.935999999999999943e+01
1.939199999999999946e+01
1.942399999999999949e+01
1.945599999999999952e+01
1.948799999999999955e+01
1.951999999999999957e+01
1.955199999999999960e+01
1.958399999999999963e+01
1.961599999999999966e+01
1.964799999999999969e+01
1.967999999999999972e+01
1.971199999999999974e+01
1.974399999999999977e+01
1.977599999999999980e+01
1.980799999999999983e+01
1.983999999999999986e+01
1.987199999999999989e+01
1.990399999999999991e+01
1.993599999999999994e+01
1.996799999999999997e+01
2.000000000000000000e+01
2.003200000000000003e+01
2.006400000000000006e+01
2.009600000000000009e+01
2.012800000000000011e+01
2.016000000000000014e+01
2.019200000000000017e+01
2.022400000000000020e+01
2.025600000000000023e+01
2.028800000000000026e+01
2.032000000000000028e+01
2.035200000000000031e+01
2.038400000000000034e+01
2.041600000000000037e+01
2.044800000000000040e+01
2.048000000000000043e+01
2.051200000000000045e+01
2.054400000000000048e+01
2.057600000000000051e+01
2.060800000000000054e+01
2.064000000000000057e+01
2.067200000000000060e+01
2.070400000000000063e+01
2.073600000000000065e+01
2.076800000000000068e+01
2.080000000000000071e+01
2.083200000000000074e+01
2.086400000000000077e+01
2.089600000000000080e+01
2.092800000000000082e+01
2.096000000000000085e+01
2.099200000000000088e+01
2.102400000000000091e+01
2.105600000000000094e+01
2.108800000000000097e+01
2.112000000000000099e+01
2.115200000000000102e+01
2.118400000000000105e+01
2.121600000000000108e+01
2.124800000000000111e+01
2.128000000000000114e+01
2.131200000000000117e+01
2.134400000000000119e+01
2.137600000000000122e+01
2.140800000000000125e+01
2.144000000000000128e+01
2.147200000000000131e+01
2.150400000000000134e+01
2.153600000000000136e+01
2.156800000000000139e+01
2.160000000000000142e+01
2.163200000000000145e+01
2.166400000000000148e+01
2.169600000000000151e+01
2.172800000000000153e+01
2.176000000000000156e+01
2.179200000000000159e+01
2.182400000000000162e+01
2.185600000000000165e+01
2.188800000000000168e+01
2.192000000000000171e+01
2.195200000000000173e+01
2.198400000000000176e+01
2.201600000000000179e+01
2.204800000000000182e+01
2.208000000000000185e+01
2.211200000000000188e+01
2.214400000000000190e+01
2.217600000000000193e+01
2.220800000000000196e+01
2.224000000000000199e+01
2.227200000000000202e+01
2.230400000000000205e+01
2.233600000000000207e+01
2.236800000000000210e+01
2.240000000000000213e+01
2.243200000000000216e+01
2.246400000000000219e+01
2.249600000000000222e+01
2.252799999999999869e+01
2.255999999999999872e+01
2.259199999999999875e+01
2.262399999999999878e+01
2.265599999999999881e+01
2.268799999999999883e+01
2.271999999999999886e+01
2.275199999999999889e+01
2.278399999999999892e+01
2.281599999999999895e+01
2.284799999999999898e+01
2.287999999999999901e+01
2.291199999999999903e+01
2.294399999999999906e+01
2.297599999999999909e+01
2.300799999999999912e+01
2.303999999999999915e+01
2.307199999999999918e+01
2.310399999999999920e+01
2.313599999999999923e+01
2.316799999999999926e+01
2.319999999999999929e+01
2.323199999999999932e+01
2.326399999999999935e+01
2.329599999999999937e+01
2.332799999999999940e+01
2.335999999999999943e+01
2.339199999999999946e+01
2.342399999999999949e+01
2.345599999999999952e+01
2.348799999999999955e+01
2.351999999999999957e+01
2.355199999999999960e+01
2.358399999999999963e+01
2.361599999999999966e+01
2.364799999999999969e+01
2.367999999999999972e+01
2.371199999999999974e+01
2.374399999999999977e+01
2.377599999999999980e+01
2.380799999999999983e+01
2.383999999999999986e+01
2.387199999999999989e+01
2.390399999999999991e+01
2.393599999999999994e+01
2.396799999999999997e+01
2.400000000000000000e+01
2.403200000000000003e+01
2.406400000000000006e+01
2.409600000000000009e+01
2.412800000000000011e+01
2.416000000000000014e+01
2.419200000000000017e+01
2.422400000000000020e+01
2.425600000000000023e+01
2.428800000000000026e+01
2.432000000000000028e+01
2.435200000000000031e+01
2.438400000000000034e+01
2.441600000000000037e+01
2.444800000000000040e+01
2.448000000000000043e+01
2.451200000000000045e+01
2.454400000000000048e+01
2.457600000000000051e+01
2.460800000000000054e+01
2.464000000000000057e+01
2.467200000000000060e+01
2.470400000000000063e+01
2.473600000000000065e+01
2.476800000000000068e+01
2.480000000000000071e+01
2.483200000000000074e+01
2.486400000000000077e+01
2.489600000000000080e+01
2.492800000000000082e+01
2.496000000000000085e+01
2.499200000000000088e+01
2.502400000000000091e+01
2.505600000000000094e+01
2.508800000000000097e+01
2.512000000000000099e+01
2.515200000000000102e+01
2.518400000000000105e+01
2.521600000000000108e+01
2.524800000000000111e+01
2.528000000000000114e+01
2.531200000000000117e+01
2.534400000000000119e+01
2.537600000000000122e+01
2.540800000000000125e+01
2.544000000000000128e+01
2.547200000000000131e+01
2.550400000000000134e+01
2.553600000000000136e+01
2.556800000000000139e+01
2.560000000000000142e+01
2.563200000000000145e+01
2.566400000000000148e+01
2.569600000000000151e+01
2.572800000000000153e+01
2.576000000000000156e+01
2.579200000000000159e+01
2.582400000000000162e+01
2.585600000000000165e+01
2.588800000000000168e+01
2.592000000000000171e+01
2.595200000000000173e+01
2.598400000000000176e+01
2.601600000000000179e+01
2.604800000000000182e+01
2.608000000000000185e+01
2.611200000000000188e+01
2.614400000000000190e+01
2.617600000000000193e+01
2.620800000000000196e+01
2.624000000000000199e+01
2.627200000000000202e+01
2.630400000000000205e+01
2.633600000000000207e+01
2.636800000000000210e+01
2.640000000000000213e+01
2.643200000000000216e+01
2.646400000000000219e+01
2.649600000000000222e+01
2.652800000000000225e+01
2.656000000000000227e+01
2.659200000000000230e+01
2.662400000000000233e+01
2.665599999999999881e+01
2.668799999999999883e+01
2.671999999999999886e+01
2.675199999999999889e+01
2.678399999999999892e+01
2.681599999999999895e+01
2.684799999999999898e+01
2.687999999999999901e+01
2.691199999999999903e+01
2.694399999999999906e+01
2.697599999999999909e+01
2.700799999999999912e+01
2.703999999999999915e+01
2.707199999999999918e+01
2.710399999999999920e+01
2.713599999999999923e+01
2.716799999999999926e+01
2.719999999999999929e+01
2.723199999999999932e+01
2.726399999999999935e+01
2.729599999999999937e+01
2.732799999999999940e+01
2.735999999999999943e+01
2.739199999999999946e+01
2.742399999999999949e+01
2.745599999999999952e+01
2.748799999999999955e+01
2.751999999999999957e+01
2.755199999999999960e+01
2.758399999999999963e+01
2.761599999999999966e+01
2.764799999999999969e+01
2.767999999999999972e+01
2.771199999999999974e+01
2.774399999999999977e+01
2.777599999999999980e+01
2.780799999999999983e+01
2.783999999999999986e+01
2.787199999999999989e+01
2.790399999999999991e+01
2.793599999999999994e+01
2.796799999999999997e+01
2.800000000000000000e+01
2.803200000000000003e+01
2.806400000000000006e+01
2.809600000000000009e+01
2.812800000000000011e+01
2.816000000000000014e+01
2.819200000000000017e+01
2.822400000000000020e+01
2.825600000000000023e+01
2.828800000000000026e+01
2.832000000000000028e+01
2.835200000000000031e+01
2.838400000000000034e+01
2.841600000000000037e+01
2.844800000000000040e+01
2.848000000000000043e+01
2.851200000000000045e+01
2.854400000000000048e+01
2.857600000000000051e+01
2.860800000000000054e+01
2.864000000000000057e+01
2.867200000000000060e+01
2.870400000000000063e+01
2.873600000000000065e+01
2.876800000000000068e+01
2.880000000000000071e+01
2.883200000000000074e+01
2.886400000000000077e+01
2.889600000000000080e+01
2.892800000000000082e+01
2.896000000000000085e+01
2.899200000000000088e+01
2.902400000000000091e+01
2.905600000000000094e+01
2.908800000000000097e+01
2.912000000000000099e+01
2.915200000000000102e+01
2.918400000000000105e+01
2.921600000000000108e+01
2.924800000000000111e+01
2.928000000000000114e+01
2.931200000000000117e+01
2.934400000000000119e+01
2.937600000000000122e+01
2.940800000000000125e+01
2.944000000000000128e+01
2.947200000000000131e+01
2.950400000000000134e+01
2.953600000000000136e+01
2.956800000000000139e+01
2.960000000000000142e+01
2.963200000000000145e+01
2.966400000000000148e+01
2.969600000000000151e+01
2.972800000000000153e+01
2.976000000000000156e+01
2.979200000000000159e+01
2.982400000000000162e+01
2.985600000000000165e+01
2.988800000000000168e+01
2.992000000000000171e+01
2.995200000000000173e+01
2.998400000000000176e+01
3.001600000000000179e+01
3.004800000000000182e+01
3.008000000000000185e+01
3.011200000000000188e+01
3.014400000000000190e+01
3.017600000000000193e+01
3.020800000000000196e+01
3.024000000000000199e+01
3.027200000000000202e+01
3.030400000000000205e+01
3.033600000000000207e+01
3.036800000000000210e+01
3.040000000000000213e+01
3.043200000000000216e+01
3.046400000000000219e+01
3.049600000000000222e+01
3.052800000000000225e+01
3.056000000000000227e+01
3.059200000000000230e+01
3.062400000000000233e+01
3.065600000000000236e+01
3.068800000000000239e+01
3.071999999999999886e+01
3.075199999999999889e+01
3.078399999999999892e+01
3.081599999999999895e+01
3.084799999999999898e+01
3.087999999999999901e+01
3.091199999999999903e+01
3.094399999999999906e+01
3.097599999999999909e+01
3.100799999999999912e+01
3.103999999999999915e+01
3.107199999999999918e+01
3.110399999999999920e+01
3.113599999999999923e+01
3.116799999999999926e+01
3.119999999999999929e+01
3.123199999999999932e+01
3.126399999999999935e+01
3.129599999999999937e+01
3.132799999999999940e+01
3.135999999999999943e+01
3.139199999999999946e+01
3.142399999999999949e+01
3.145599999999999952e+01
3.148799999999999955e+01
3.151999999999999957e+01
3.155199999999999960e+01
3.158399999999999963e+01
3.161599999999999966e+01
3.164799999999999969e+01
3.167999999999999972e+01
3.171199999999999974e+01
3.174399999999999977e+01
3.177599999999999980e+01
3.180799999999999983e+01
3.183999999999999986e+01
3.187199999999999989e+01
3.190399999999999991e+01
3.193599999999999994e+01
3.196799999999999997e+01
3.200000000000000000e+01
3.203200000000000358e+01
3.206400000000000006e+01
3.209600000000000364e+01
3.212800000000000011e+01
3.216000000000000369e+01
3.219200000000000017e+01
3.222400000000000375e+01
3.225600000000000023e+01
3.228800000000000381e+01
3.232000000000000028e+01
3.235200000000000387e+01
3.238400000000000034e+01
3.241600000000000392e+01
3.244800000000000040e+01
3.248000000000000398e+01
3.251200000000000045e+01
3.254400000000000404e+01
3.257600000000000051e+01
3.260800000000000409e+01
3.264000000000000057e+01
3.267200000000000415e+01
3.270400000000000063e+01
3.273600000000000421e+01
3.276800000000000068e+01
3.279999999999999716e+01
3.283200000000000074e+01
3.286399999999999721e+01
3.289600000000000080e+01
3.292799999999999727e+01
3.296000000000000085e+01
3.299199999999999733e+01
3.302400000000000091e+01
3.305599999999999739e+01
3.308800000000000097e+01
3.311999999999999744e+01
3.315200000000000102e+01
3.318399999999999750e+01
3.321600000000000108e+01
3.324799999999999756e+01
3.328000000000000114e+01
3.331199999999999761e+01
3.334400000000000119e+01
3.337599999999999767e+01
3.340800000000000125e+01
3.343999999999999773e+01
3.347200000000000131e+01
3.350399999999999778e+01
3.353600000000000136e+01
3.356799999999999784e+01
3.360000000000000142e+01
3.363199999999999790e+01
3.366400000000000148e+01
3.369599999999999795e+01
3.372800000000000153e+01
3.375999999999999801e+01
3.379200000000000159e+01
3.382399999999999807e+01
3.385600000000000165e+01
3.388799999999999812e+01
3.392000000000000171e+01
3.395199999999999818e+01
3.398400000000000176e+01
3.401599999999999824e+01
3.404800000000000182e+01
3.407999999999999829e+01
3.411200000000000188e+01
3.414399999999999835e+01
3.417600000000000193e+01
3.420799999999999841e+01
3.424000000000000199e+01
3.427199999999999847e+01
3.430400000000000205e+01
3.433599999999999852e+01
3.436800000000000210e+01
3.439999999999999858e+01
3.443200000000000216e+01
3.446399999999999864e+01
3.449600000000000222e+01
3.452799999999999869e+01
3.456000000000000227e+01
3.459199999999999875e+01
3.462400000000000233e+01
3.465599999999999881e+01
3.468800000000000239e+01
3.471999999999999886e+01
3.475200000000000244e+01
3.478399999999999892e+01
3.481600000000000250e+01
3.484799999999999898e+01
3.488000000000000256e+01
3.491199999999999903e+01
3.494400000000000261e+01
3.497599999999999909e+01
3.500800000000000267e+01
3.503999999999999915e+01
3.507200000000000273e+01
3.510399999999999920e+01
3.513600000000000279e+01
3.516799999999999926e+01
3.520000000000000284e+01
3.523199999999999932e+01
3.526400000000000290e+01
3.529599999999999937e+01
3.532800000000000296e+01
3.535999999999999943e+01
3.539200000000000301e+01
3.542399999999999949e+01
3.545600000000000307e+01
3.548799999999999955e+01
3.552000000000000313e+01
3.555199999999999960e+01
3.558400000000000318e+01
3.561599999999999966e+01
3.564800000000000324e+01
3.567999999999999972e+01
3.571200000000000330e+01
3.574399999999999977e+01
3.577600000000000335e+01
3.580799999999999983e+01
3.584000000000000341e+01
3.587199999999999989e+01
3.590400000000000347e+01
3.593599999999999994e+01
3.596800000000000352e+01
3.600000000000000000e+01
3.603200000000000358e+01
3.606400000000000006e+01
3.609600000000000364e+01
3.612800000000000011e+01
3.616000000000000369e+01
3.619200000000000017e+01
3.622400000000000375e+01
3.625600000000000023e+01
3.628800000000000381e+01
3.632000000000000028e+01
3.635200000000000387e+01
3.638400000000000034e+01
3.641600000000000392e+01
3.644800000000000040e+01
3.648000000000000398e+01
3.651200000000000045e+01
3.654400000000000404e+01
3.657600000000000051e+01
3.660800000000000409e+01
3.664000000000000057e+01
3.667200000000000415e+01
3.670400000000000063e+01
3.673600000000000421e+01
3.676800000000000068e+01
3.680000000000000426e+01
3.683200000000000074e+01
3.686400000000000432e+01
3.689600000000000080e+01
3.692799999999999727e+01
3.696000000000000085e+01
3.699199999999999733e+01
3.702400000000000091e+01
3.705599999999999739e+01
3.708800000000000097e+01
3.711999999999999744e+01
3.715200000000000102e+01
3.718399999999999750e+01
3.721600000000000108e+01
3.724799999999999756e+01
3.728000000000000114e+01
3.731199999999999761e+01
3.734400000000000119e+01
3.737599999999999767e+01
3.740800000000000125e+01
3.743999999999999773e+01
3.747200000000000131e+01
3.750399999999999778e+01
3.753600000000000136e+01
3.756799999999999784e+01
3.760000000000000142e+01
3.763199999999999790e+01
3.766400000000000148e+01
3.769599999999999795e+01
3.772800000000000153e+01
3.775999999999999801e+01
3.779200000000000159e+01
3.782399999999999807e+01
3.785600000000000165e+01
3.788799999999999812e+01
3.792000000000000171e+01
3.795199999999999818e+01
3.798400000000000176e+01
3.801599999999999824e+01
3.804800000000000182e+01
3.807999999999999829e+01
3.811200000000000188e+01
3.814399999999999835e+01
3.817600000000000193e+01
3.820799999999999841e+01
3.824000000000000199e+01
3.827199999999999847e+01
3.830400000000000205e+01
3.833599999999999852e+01
3.836800000000000210e+01
3.839999999999999858e+01
3.843200000000000216e+01
3.846399999999999864e+01
3.849600000000000222e+01
3.852799999999999869e+01
3.856000000000000227e+01
3.859199999999999875e+01
3.862400000000000233e+01
3.865599999999999881e+01
3.868800000000000239e+01
3.871999999999999886e+01
3.875200000000000244e+01
3.878399999999999892e+01
3.881600000000000250e+01
3.884799999999999898e+01
3.888000000000000256e+01
3.891199999999999903e+01
3.894400000000000261e+01
3.897599999999999909e+01
3.900800000000000267e+01
3.903999999999999915e+01
3.907200000000000273e+01
3.910399999999999920e+01
3.913600000000000279e+01
3.916799999999999926e+01
3.920000000000000284e+01
3.923199999999999932e+01
3.926400000000000290e+01
3.929599999999999937e+01
3.932800000000000296e+01
3.935999999999999943e+01
3.939200000000000301e+01
3.942399999999999949e+01
3.945600000000000307e+01
3.948799999999999955e+01
3.952000000000000313e+01
3.955199999999999960e+01
3.958400000000000318e+01
3.961599999999999966e+01
3.964800000000000324e+01
3.967999999999999972e+01
3.971200000000000330e+01
3.974399999999999977e+01
3.977600000000000335e+01
3.980799999999999983e+01
3.984000000000000341e+01
3.987199999999999989e+01
3.990400000000000347e+01
3.993599999999999994e+01
3.996800000000000352e+01
4.000000000000000000e+01
4.003200000000000358e+01
4.006400000000000006e+01
4.009600000000000364e+01
4.012800000000000011e+01
4.016000000000000369e+01
4.019200000000000017e+01
4.022400000000000375e+01
4.025600000000000023e+01
4.028800000000000381e+01
4.032000000000000028e+01
4.035200000000000387e+01
4.038400000000000034e+01
4.041600000000000392e+01
4.044800000000000040e+01
4.048000000000000398e+01
4.051200000000000045e+01
4.054400000000000404e+01
4.057600000000000051e+01
4.060800000000000409e+01
4.064000000000000057e+01
4.067200000000000415e+01
4.070400000000000063e+01
4.073600000000000421e+01
4.076800000000000068e+01
4.080000000000000426e+01
4.083200000000000074e+01
4.086400000000000432e+01
4.089600000000000080e+01
4.092800000000000438e+01
4.096000000000000085e+01
4.099199999999999733e+01
4.102400000000000091e+01
4.105599999999999739e+01
4.108800000000000097e+01
4.111999999999999744e+01
4.115200000000000102e+01
4.118399999999999750e+01
4.121600000000000108e+01
4.124799999999999756e+01
4.128000000000000114e+01
4.131199999999999761e+01
4.134400000000000119e+01
4.137599999999999767e+01
4.140800000000000125e+01
4.143999999999999773e+01
4.147200000000000131e+01
4.150399999999999778e+01
4.153600000000000136e+01
4.156799999999999784e+01
4.160000000000000142e+01
4.163199999999999790e+01
4.166400000000000148e+01
4.169599999999999795e+01
4.172800000000000153e+01
4.175999999999999801e+01
4.179200000000000159e+01
4.182399999999999807e+01
4.185600000000000165e+01
4.188799999999999812e+01
4.192000000000000171e+01
4.195199999999999818e+01
4.198400000000000176e+01
4.201599999999999824e+01
4.204800000000000182e+01
4.207999999999999829e+01
4.211200000000000188e+01
4.214399999999999835e+01
4.217600000000000193e+01
4.220799999999999841e+01
4.224000000000000199e+01
4.227199999999999847e+01
4.230400000000000205e+01
4.233599999999999852e+01
4.236800000000000210e+01
4.239999999999999858e+01
4.243200000000000216e+01
4.246399999999999864e+01
4.249600000000000222e+01
4.252799999999999869e+01
4.256000000000000227e+01
4.259199999999999875e+01
4.262400000000000233e+01
4.265599999999999881e+01
4.268800000000000239e+01
4.271999999999999886e+01
4.275200000000000244e+01
4.278399999999999892e+01
4.281600000000000250e+01
4.284799999999999898e+01
4.288000000000000256e+01
4.291199999999999903e+01
4.294400000000000261e+01
4.297599999999999909e+01
4.300800000000000267e+01
4.303999999999999915e+01
4.307200000000000273e+01
4.310399999999999920e+01
4.313600000000000279e+01
4.316799999999999926e+01
4.320000000000000284e+01
4.323199999999999932e+01
4.326400000000000290e+01
4.329599999999999937e+01
4.332800000000000296e+01
4.335999999999999943e+01
4.339200000000000301e+01
4.342399999999999949e+01
4.345600000000000307e+01
4.348799999999999955e+01
4.352000000000000313e+01
4.355199999999999960e+01
4.358400000000000318e+01
4.361599999999999966e+01
4.364800000000000324e+01
4.367999999999999972e+01
4.371200000000000330e+01
4.374399999999999977e+01
4.377600000000000335e+01
4.380799999999999983e+01
4.384000000000000341e+01
4.387199999999999989e+01
4.390400000000000347e+01
4.393599999999999994e+01
4.396800000000000352e+01
4.400000000000000000e+01
4.403200000000000358e+01
4.406400000000000006e+01
4.409600000000000364e+01
4.412800000000000011e+01
4.416000000000000369e+01
4.419200000000000017e+01
4.422400000000000375e+01
4.425600000000000023e+01
4.428800000000000381e+01
4.432000000000000028e+01
4.435200000000000387e+01
4.438400000000000034e+01
4.441600000000000392e+01
4.444800000000000040e+01
4.448000000000000398e+01
4.451200000000000045e+01
4.454400000000000404e+01
4.457600000000000051e+01
4.460800000000000409e+01
4.464000000000000057e+01
4.467200000000000415e+01
4.470400000000000063e+01
4.473600000000000421e+01
4.476800000000000068e+01
4.480000000000000426e+01
4.483200000000000074e+01
4.486400000000000432e+01
4.489600000000000080e+01
4.492800000000000438e+01
4.496000000000000085e+01
4.499200000000000443e+01
4.502400000000000091e+01
4.505599999999999739e+01
4.508800000000000097e+01
4.511999999999999744e+01
4.515200000000000102e+01
4.518399999999999750e+01
4.521600000000000108e+01
4.524799999999999756e+01
4.528000000000000114e+01
4.531199999999999761e+01
4.534400000000000119e+01
4.537599999999999767e+01
4.540800000000000125e+01
4.543999999999999773e+01
4.547200000000000131e+01
4.550399999999999778e+01
4.553600000000000136e+01
4.556799999999999784e+01
4.560000000000000142e+01
4.563199999999999790e+01
4.566400000000000148e+01
4.569599999999999795e+01
4.572800000000000153e+01
4.575999999999999801e+01
4.579200000000000159e+01
4.582399999999999807e+01
4.585600000000000165e+01
4.588799999999999812e+01
4.592000000000000171e+01
4.595199999999999818e+01
4.598400000000000176e+01
4.601599999999999824e+01
4.604800000000000182e+01
4.607999999999999829e+01
4.611200000000000188e+01
4.614399999999999835e+01
4.617600000000000193e+01
4.620799999999999841e+01
4.624000000000000199e+01
4.627199999999999847e+01
4.630400000000000205e+01
4.633599999999999852e+01
4.636800000000000210e+01
4.639999999999999858e+01
4.643200000000000216e+01
4.646399999999999864e+01
4.649600000000000222e+01
4.652799999999999869e+01
4.656000000000000227e+01
4.659199999999999875e+01
4.662400000000000233e+01
4.665599999999999881e+01
4.668800000000000239e+01
4.671999999999999886e+01
4.675200000000000244e+01
4.678399999999999892e+01
4.681600000000000250e+01
4.684799999999999898e+01
4.688000000000000256e+01
4.691199999999999903e+01
4.694400000000000261e+01
4.697599999999999909e+01
4.700800000000000267e+01
4.703999999999999915e+01
4.707200000000000273e+01
4.710399999999999920e+01
4.713600000000000279e+01
4.716799999999999926e+01
4.720000000000000284e+01
4.723199999999999932e+01
4.726400000000000290e+01
4.729599999999999937e+01
4.732800000000000296e+01
4.735999999999999943e+01
4.739200000000000301e+01
4.742399999999999949e+01
4.745600000000000307e+01
4.748799999999999955e+01
4.752000000000000313e+01
4.755199999999999960e+01
4.758400000000000318e+01
4.761599999999999966e+01
4.764800000000000324e+01
4.767999999999999972e+01
4.771200000000000330e+01
4.774399999999999977e+01
4.777600000000000335e+01
4.780799999999999983e+01
4.784000000000000341e+01
4.787199999999999989e+01
4.790400000000000347e+01
4.793599999999999994e+01
4.796800000000000352e+01
4.800000000000000000e+01
4.803200000000000358e+01
4.806400000000000006e+01
4.809600000000000364e+01
4.812800000000000011e+01
4.816000000000000369e+01
4.819200000000000017e+01
4.822400000000000375e+01
4.825600000000000023e+01
4.828800000000000381e+01
4.832000000000000028e+01
4.835200000000000387e+01
4.838400000000000034e+01
4.841600000000000392e+01
4.844800000000000040e+01
4.848000000000000398e+01
4.851200000000000045e+01
4.854400000000000404e+01
4.857600000000000051e+01
4.860800000000000409e+01
4.864000000000000057e+01
4.867200000000000415e+01
4.870400000000000063e+01
4.873600000000000421e+01
4.876800000000000068e+01
4.880000000000000426e+01
4.883200000000000074e+01
4.886400000000000432e+01
4.889600000000000080e+01
4.892800000000000438e+01
4.896000000000000085e+01
4.899200000000000443e+01
4.902400000000000091e+01
4.905600000000000449e+01
4.908800000000000097e+01
4.912000000000000455e+01
4.915200000000000102e+01
4.918399999999999750e+01
4.921600000000000108e+01
4.924799999999999756e+01
4.928000000000000114e+01
4.931199999999999761e+01
4.934400000000000119e+01
4.937599999999999767e+01
4.940800000000000125e+01
4.943999999999999773e+01
4.947200000000000131e+01
4.950399999999999778e+01
4.953600000000000136e+01
4.956799999999999784e+01
4.960000000000000142e+01
4.963199999999999790e+01
4.966400000000000148e+01
4.969599999999999795e+01
4.972800000000000153e+01
4.975999999999999801e+01
4.979200000000000159e+01
4.982399999999999807e+01
4.985600000000000165e+01
4.988799999999999812e+01
4.992000000000000171e+01
4.995199999999999818e+01
4.998400000000000176e+01
5.001599999999999824e+01
5.004800000000000182e+01
5.007999999999999829e+01
5.011200000000000188e+01
5.014399999999999835e+01
5.017600000000000193e+01
5.020799999999999841e+01
5.024000000000000199e+01
5.027199999999999847e+01
5.030400000000000205e+01
5.033599999999999852e+01
5.036800000000000210e+01
5.039999999999999858e+01
5.043200000000000216e+01
5.046399999999999864e+01
5.049600000000000222e+01
5.052799999999999869e+01
5.056000000000000227e+01
5.059199999999999875e+01
5.062400000000000233e+01
5.065599999999999881e+01
5.068800000000000239e+01
5.071999999999999886e+01
5.075200000000000244e+01
5.078399999999999892e+01
5.081600000000000250e+01
5.084799999999999898e+01
5.088000000000000256e+01
5.091199999999999903e+01
5.094400000000000261e+01
5.097599999999999909e+01
5.100800000000000267e+01
5.103999999999999915e+01
5.107200000000000273e+01
5.110399999999999920e+01
5.113600000000000279e+01
5.116799999999999926e+01
5.120000000000000284e+01
5.123199999999999932e+01
5.126400000000000290e+01
5.129599999999999937e+01
5.132800000000000296e+01
5.135999999999999943e+01
5.139200000000000301e+01
5.142399999999999949e+01
5.145600000000000307e+01
5.148799999999999955e+01
5.152000000000000313e+01
5.155199999999999960e+01
5.158400000000000318e+01
5.161599999999999966e+01
5.164800000000000324e+01
5.167999999999999972e+01
5.171200000000000330e+01
5.174399999999999977e+01
5.177600000000000335e+01
5.180799999999999983e+01
5.184000000000000341e+01
5.187199999999999989e+01
5.190400000000000347e+01
5.193599999999999994e+01
5.196800000000000352e+01
5.200000000000000000e+01
5.203200000000000358e+01
5.206400000000000006e+01
5.209600000000000364e+01
5.212800000000000011e+01
5.216000000000000369e+01
5.219200000000000017e+01
5.222400000000000375e+01
5.225600000000000023e+01
5.228800000000000381e+01
5.232000000000000028e+01
5.235200000000000387e+01
5.238400000000000034e+01
5.241600000000000392e+01
5.244800000000000040e+01
5.248000000000000398e+01
5.251200000000000045e+01
5.254400000000000404e+01
5.257600000000000051e+01
5.260800000000000409e+01
5.264000000000000057e+01
5.267200000000000415e+01
5.270400000000000063e+01
5.273600000000000421e+01
5.276800000000000068e+01
5.280000000000000426e+01
5.283200000000000074e+01
5.286400000000000432e+01
5.289600000000000080e+01
5.292800000000000438e+01
5.296000000000000085e+01
5.299200000000000443e+01
5.302400000000000091e+01
5.305600000000000449e+01
5.308800000000000097e+01
5.312000000000000455e+01
5.315200000000000102e+01
5.318400000000000460e+01
5.321600000000000108e+01
5.324800000000000466e+01
5.328000000000000114e+01
5.331199999999999761e+01
5.334400000000000119e+01
5.337599999999999767e+01
5.340800000000000125e+01
5.343999999999999773e+01
5.347200000000000131e+01
5.350399999999999778e+01
5.353600000000000136e+01
5.356799999999999784e+01
5.360000000000000142e+01
5.363199999999999790e+01
5.366400000000000148e+01
5.369599999999999795e+01
5.372800000000000153e+01
5.375999999999999801e+01
5.379200000000000159e+01
5.382399999999999807e+01
5.385600000000000165e+01
5.388799999999999812e+01
5.392000000000000171e+01
5.395199999999999818e+01
5.398400000000000176e+01
5.401599999999999824e+01
5.404800000000000182e+01
5.407999999999999829e+01
5.411200000000000188e+01
5.414399999999999835e+01
5.417600000000000193e+01
5.420799999999999841e+01
5.424000000000000199e+01
5.427199999999999847e+01
5.430400000000000205e+01
5.433599999999999852e+01
5.436800000000000210e+01
5.439999999999999858e+01
5.443200000000000216e+01
5.446399999999999864e+01
5.449600000000000222e+01
5.452799999999999869e+01
5.456000000000000227e+01
5.459199999999999875e+01
5.462400000000000233e+01
5.465599999999999881e+01
5.468800000000000239e+01
5.471999999999999886e+01
5.475200000000000244e+01
5.478399999999999892e+01
5.481600000000000250e+01
5.484799999999999898e+01
5.488000000000000256e+01
5.491199999999999903e+01
5.494400000000000261e+01
5.497599999999999909e+01
5.500800000000000267e+01
5.503999999999999915e+01
5.507200000000000273e+01
5.510399999999999920e+01
5.513600000000000279e+01
5.516799999999999926e+01
5.520000000000000284e+01
5.523199999999999932e+01
5.526400000000000290e+01
5.529599999999999937e+01
5.532800000000000296e+01
5.535999999999999943e+01
5.539200000000000301e+01
5.542399999999999949e+01
5.545600000000000307e+01
5.548799999999999955e+01
5.552000000000000313e+01
5.555199999999999960e+01
5.558400000000000318e+01
5.561599999999999966e+01
5.564800000000000324e+01
5.567999999999999972e+01
5.571200000000000330e+01
5.574399999999999977e+01
5.577600000000000335e+01
5.580799999999999983e+01
5.584000000000000341e+01
5.587199999999999989e+01
5.590400000000000347e+01
5.593599999999999994e+01
5.596800000000000352e+01
5.600000000000000000e+01
5.603200000000000358e+01
5.606400000000000006e+01
5.609600000000000364e+01
5.612800000000000011e+01
5.616000000000000369e+01
5.619200000000000017e+01
5.622400000000000375e+01
5.625600000000000023e+01
5.628800000000000381e+01
5.632000000000000028e+01
5.635200000000000387e+01
5.638400000000000034e+01
5.641600000000000392e+01
5.644800000000000040e+01
5.648000000000000398e+01
5.651200000000000045e+01
5.654400000000000404e+01
5.657600000000000051e+01
5.660800000000000409e+01
5.664000000000000057e+01
5.667200000000000415e+01
5.670400000000000063e+01
5.673600000000000421e+01
5.676800000000000068e+01
5.680000000000000426e+01
5.683200000000000074e+01
5.686400000000000432e+01
5.689600000000000080e+01
5.692800000000000438e+01
5.696000000000000085e+01
5.699200000000000443e+01
5.702400000000000091e+01
5.705600000000000449e+01
5.708800000000000097e+01
5.712000000000000455e+01
5.715200000000000102e+01
5.718400000000000460e+01
5.721600000000000108e+01
5.724800000000000466e+01
5.728000000000000114e+01
5.731200000000000472e+01
5.734400000000000119e+01
5.737599999999999767e+01
5.740800000000000125e+01
5.743999999999999773e+01
5.747200000000000131e+01
5.750399999999999778e+01
5.753600000000000136e+01
5.756799999999999784e+01
5.760000000000000142e+01
5.763199999999999790e+01
5.766400000000000148e+01
5.769599999999999795e+01
5.772800000000000153e+01
5.775999999999999801e+01
5.779200000000000159e+01
5.782399999999999807e+01
5.785600000000000165e+01
5.788799999999999812e+01
5.792000000000000171e+01
5.795199999999999818e+01
5.798400000000000176e+01
5.801599999999999824e+01
5.804800000000000182e+01
5.807999999999999829e+01
5.811200000000000188e+01
5.814399999999999835e+01
5.817600000000000193e+01
5.820799999999999841e+01
5.824000000000000199e+01
5.827199999999999847e+01
5.830400000000000205e+01
5.833599999999999852e+01
5.836800000000000210e+01
5.839999999999999858e+01
5.843200000000000216e+01
5.846399999999999864e+01
5.849600000000000222e+01
5.852799999999999869e+01
5.856000000000000227e+01
5.859199999999999875e+01
5.862400000000000233e+01
5.865599999999999881e+01
5.868800000000000239e+01
5.871999999999999886e+01
5.875200000000000244e+01
5.878399999999999892e+01
5.881600000000000250e+01
5.884799999999999898e+01
5.888000000000000256e+01
5.891199999999999903e+01
5.894400000000000261e+01
5.897599999999999909e+01
5.900800000000000267e+01
5.903999999999999915e+01
5.907200000000000273e+01
5.910399999999999920e+01
5.913600000000000279e+01
5.916799999999999926e+01
5.920000000000000284e+01
5.923199999999999932e+01
5.926400000000000290e+01
5.929599999999999937e+01
5.932800000000000296e+01
5.935999999999999943e+01
5.939200000000000301e+01
5.942399999999999949e+01
5.945600000000000307e+01
5.948799999999999955e+01
5.952000000000000313e+01
5.955199999999999960e+01
5.958400000000000318e+01
5.961599999999999966e+01
5.964800000000000324e+01
5.967999999999999972e+01
5.971200000000000330e+01
5.974399999999999977e+01
5.977600000000000335e+01
5.980799999999999983e+01
5.984000000000000341e+01
5.987199999999999989e+01
5.990400000000000347e+01
5.993599999999999994e+01
5.996800000000000352e+01
6.000000000000000000e+01
6.003200000000000358e+01
6.006400000000000006e+01
6.009600000000000364e+01
6.012800000000000011e+01
6.016000000000000369e+01
6.019200000000000017e+01
6.022400000000000375e+01
6.025600000000000023e+01
6.028800000000000381e+01
6.032000000000000028e+01
6.035200000000000387e+01
6.038400000000000034e+01
6.041600000000000392e+01
6.044800000000000040e+01
6.048000000000000398e+01
6.051200000000000045e+01
6.054400000000000404e+01
6.057600000000000051e+01
6.060800000000000409e+01
6.064000000000000057e+01
6.067200000000000415e+01
6.070400000000000063e+01
6.073600000000000421e+01
6.076800000000000068e+01
6.080000000000000426e+01
6.083200000000000074e+01
6.086400000000000432e+01
6.089600000000000080e+01
6.092800000000000438e+01
6.096000000000000085e+01
6.099200000000000443e+01
6.102400000000000091e+01
6.105600000000000449e+01
6.108800000000000097e+01
6.112000000000000455e+01
6.115200000000000102e+01
6.118400000000000460e+01
6.121600000000000108e+01
6.124800000000000466e+01
6.128000000000000114e+01
6.131200000000000472e+01
6.134400000000000119e+01
6.137600000000000477e+01
6.140800000000000125e+01
6.143999999999999773e+01
6.147200000000000131e+01
6.150399999999999778e+01
6.153600000000000136e+01
6.156799999999999784e+01
6.160000000000000142e+01
6.163199999999999790e+01
6.166400000000000148e+01
6.169599999999999795e+01
6.172800000000000153e+01
6.175999999999999801e+01
6.179200000000000159e+01
6.182399999999999807e+01
6.185600000000000165e+01
6.188799999999999812e+01
6.192000000000000171e+01
6.195199999999999818e+01
6.198400000000000176e+01
6.201599999999999824e+01
6.204800000000000182e+01
6.207999999999999829e+01
6.211200000000000188e+01
6.214399999999999835e+01
6.217600000000000193e+01
6.220799999999999841e+01
6.224000000000000199e+01
6.227199999999999847e+01
6.230400000000000205e+01
6.233599999999999852e+01
6.236800000000000210e+01
6.239999999999999858e+01
6.243200000000000216e+01
6.246399999999999864e+01
6.249600000000000222e+01
6.252799999999999869e+01
6.256000000000000227e+01
6.259199999999999875e+01
6.262400000000000233e+01
6.265599999999999881e+01
6.268800000000000239e+01
6.271999999999999886e+01
6.275200000000000244e+01
6.278399999999999892e+01
6.281600000000000250e+01
6.284799999999999898e+01
6.288000000000000256e+01
6.291199999999999903e+01
6.294400000000000261e+01
6.297599999999999909e+01
6.300800000000000267e+01
6.303999999999999915e+01
6.307200000000000273e+01
6.310399999999999920e+01
6.313600000000000279e+01
6.316799999999999926e+01
6.320000000000000284e+01
6.323199999999999932e+01
6.326400000000000290e+01
6.329599999999999937e+01
6.332800000000000296e+01
6.335999999999999943e+01
6.339200000000000301e+01
6.342399999999999949e+01
6.345600000000000307e+01
6.348799999999999955e+01
6.352000000000000313e+01
6.355199999999999960e+01
6.358400000000000318e+01
6.361599999999999966e+01
6.364800000000000324e+01
6.367999999999999972e+01
6.371200000000000330e+01
6.374399999999999977e+01
6.377600000000000335e+01
6.380799999999999983e+01
6.384000000000000341e+01
6.387199999999999989e+01
6.390400000000000347e+01
6.393599999999999994e+01
6.396800000000000352e+01
6.400000000000000000e+01
6.403199999999999648e+01
6.406400000000000716e+01
6.409600000000000364e+01
6.412800000000000011e+01
6.415999999999999659e+01
6.419200000000000728e+01
6.422400000000000375e+01
6.425600000000000023e+01
6.428799999999999670e+01
6.432000000000000739e+01
6.435200000000000387e+01
6.438400000000000034e+01
6.441599999999999682e+01
6.444800000000000750e+01
6.448000000000000398e+01
6.451200000000000045e+01
6.454399999999999693e+01
6.457600000000000762e+01
6.460800000000000409e+01
6.464000000000000057e+01
6.467199999999999704e+01
6.470400000000000773e+01
6.473600000000000421e+01
6.476800000000000068e+01
6.479999999999999716e+01
6.483200000000000784e+01
6.486400000000000432e+01
6.489600000000000080e+01
6.492799999999999727e+01
6.496000000000000796e+01
6.499200000000000443e+01
6.502400000000000091e+01
6.505599999999999739e+01
6.508800000000000807e+01
6.512000000000000455e+01
6.515200000000000102e+01
6.518399999999999750e+01
6.521600000000000819e+01
6.524800000000000466e+01
6.528000000000000114e+01
6.531199999999999761e+01
6.534400000000000830e+01
6.537600000000000477e+01
6.540800000000000125e+01
6.543999999999999773e+01
6.547200000000000841e+01
6.550400000000000489e+01
6.553600000000000136e+01
6.556799999999999784e+01
6.559999999999999432e+01
6.563200000000000500e+01
6.566400000000000148e+01
6.569599999999999795e+01
6.572799999999999443e+01
6.576000000000000512e+01
6.579200000000000159e+01
6.582399999999999807e+01
6.585599999999999454e+01
6.588800000000000523e+01
6.592000000000000171e+01
6.595199999999999818e+01
6.598399999999999466e+01
6.601600000000000534e+01
6.604800000000000182e+01
6.607999999999999829e+01
6.611199999999999477e+01
6.614400000000000546e+01
6.617600000000000193e+01
6.620799999999999841e+01
6.623999999999999488e+01
6.627200000000000557e+01
6.630400000000000205e+01
6.633599999999999852e+01
6.636799999999999500e+01
6.640000000000000568e+01
6.643200000000000216e+01
6.646399999999999864e+01
6.649599999999999511e+01
6.652800000000000580e+01
6.656000000000000227e+01
6.659199999999999875e+01
6.662399999999999523e+01
6.665600000000000591e+01
6.668800000000000239e+01
6.671999999999999886e+01
6.675199999999999534e+01
6.678400000000000603e+01
6.681600000000000250e+01
6.684799999999999898e+01
6.687999999999999545e+01
6.691200000000000614e+01
6.694400000000000261e+01
6.697599999999999909e+01
6.700799999999999557e+01
6.704000000000000625e+01
6.707200000000000273e+01
6.710399999999999920e+01
6.713599999999999568e+01
6.716800000000000637e+01
6.720000000000000284e+01
6.723199999999999932e+01
6.726399999999999579e+01
6.729600000000000648e+01
6.732800000000000296e+01
6.735999999999999943e+01
6.739199999999999591e+01
6.742400000000000659e+01
6.745600000000000307e+01
6.748799999999999955e+01
6.751999999999999602e+01
6.755200000000000671e+01
6.758400000000000318e+01
6.761599999999999966e+01
6.764799999999999613e+01
6.768000000000000682e+01
6.771200000000000330e+01
6.774399999999999977e+01
6.777599999999999625e+01
6.780800000000000693e+01
6.784000000000000341e+01
6.787199999999999989e+01
6.790399999999999636e+01
6.793600000000000705e+01
6.796800000000000352e+01
6.800000000000000000e+01
6.803199999999999648e+01
6.806400000000000716e+01
6.809600000000000364e+01
6.812800000000000011e+01
6.815999999999999659e+01
6.819200000000000728e+01
6.822400000000000375e+01
6.825600000000000023e+01
6.828799999999999670e+01
6.832000000000000739e+01
6.835200000000000387e+01
6.838400000000000034e+01
6.841599999999999682e+01
6.844800000000000750e+01
6.848000000000000398e+01
6.851200000000000045e+01
6.854399999999999693e+01
6.857600000000000762e+01
6.860800000000000409e+01
6.864000000000000057e+01
6.867199999999999704e+01
6.870400000000000773e+01
6.873600000000000421e+01
6.876800000000000068e+01
6.879999999999999716e+01
6.883200000000000784e+01
6.886400000000000432e+01
6.889600000000000080e+01
6.892799999999999727e+01
6.896000000000000796e+01
6.899200000000000443e+01
6.902400000000000091e+01
6.905599999999999739e+01
6.908800000000000807e+01
6.912000000000000455e+01
6.915200000000000102e+01
6.918399999999999750e+01
6.921600000000000819e+01
6.924800000000000466e+01
6.928000000000000114e+01
6.931199999999999761e+01
6.934400000000000830e+01
6.937600000000000477e+01
6.940800000000000125e+01
6.943999999999999773e+01
6.947200000000000841e+01
6.950400000000000489e+01
6.953600000000000136e+01
6.956799999999999784e+01
6.960000000000000853e+01
6.963200000000000500e+01
6.966400000000000148e+01
6.969599999999999795e+01
6.972799999999999443e+01
6.976000000000000512e+01
6.979200000000000159e+01
6.982399999999999807e+01
6.985599999999999454e+01
6.988800000000000523e+01
6.992000000000000171e+01
6.995199999999999818e+01
6.998399999999999466e+01
7.001600000000000534e+01
7.004800000000000182e+01
7.007999999999999829e+01
7.011199999999999477e+01
7.014400000000000546e+01
7.017600000000000193e+01
7.020799999999999841e+01
7.023999999999999488e+01
7.027200000000000557e+01
7.030400000000000205e+01
7.033599999999999852e+01
7.036799999999999500e+01
7.040000000000000568e+01
7.043200000000000216e+01
7.046399999999999864e+01
7.049599999999999511e+01
7.052800000000000580e+01
7.056000000000000227e+01
7.059199999999999875e+01
7.062399999999999523e+01
7.065600000000000591e+01
7.068800000000000239e+01
7.071999999999999886e+01
7.075199999999999534e+01
7.078400000000000603e+01
7.081600000000000250e+01
7.084799999999999898e+01
7.087999999999999545e+01
7.091200000000000614e+01
7.094400000000000261e+01
7.097599999999999909e+01
7.100799999999999557e+01
7.104000000000000625e+01
7.107200000000000273e+01
7.110399999999999920e+01
7.113599999999999568e+01
7.116800000000000637e+01
7.120000000000000284e+01
7.123199999999999932e+01
7.126399999999999579e+01
7.129600000000000648e+01
7.132800000000000296e+01
7.135999999999999943e+01
7.139199999999999591e+01
7.142400000000000659e+01
7.145600000000000307e+01
7.148799999999999955e+01
7.151999999999999602e+01
7.155200000000000671e+01
7.158400000000000318e+01
7.161599999999999966e+01
7.164799999999999613e+01
7.168000000000000682e+01
7.171200000000000330e+01
7.174399999999999977e+01
7.177599999999999625e+01
7.180800000000000693e+01
7.184000000000000341e+01
7.187199999999999989e+01
7.190399999999999636e+01
7.193600000000000705e+01
7.196800000000000352e+01
7.200000000000000000e+01
7.203199999999999648e+01
7.206400000000000716e+01
7.209600000000000364e+01
7.212800000000000011e+01
7.215999999999999659e+01
7.219200000000000728e+01
7.222400000000000375e+01
7.225600000000000023e+01
7.228799999999999670e+01
7.232000000000000739e+01
7.235200000000000387e+01
7.238400000000000034e+01
7.241599999999999682e+01
7.244800000000000750e+01
7.248000000000000398e+01
7.251200000000000045e+01
7.254399999999999693e+01
7.257600000000000762e+01
7.260800000000000409e+01
7.264000000000000057e+01
7.267199999999999704e+01
7.270400000000000773e+01
7.273600000000000421e+01
7.276800000000000068e+01
7.279999999999999716e+01
7.283200000000000784e+01
7.286400000000000432e+01
7.289600000000000080e+01
7.292799999999999727e+01
7.296000000000000796e+01
7.299200000000000443e+01
7.302400000000000091e+01
7.305599999999999739e+01
7.308800000000000807e+01
7.312000000000000455e+01
7.315200000000000102e+01
7.318399999999999750e+01
7.321600000000000819e+01
7.324800000000000466e+01
7.328000000000000114e+01
7.331199999999999761e+01
7.334400000000000830e+01
7.337600000000000477e+01
7.340800000000000125e+01
7.343999999999999773e+01
7.347200000000000841e+01
7.350400000000000489e+01
7.353600000000000136e+01
7.356799999999999784e+01
7.360000000000000853e+01
7.363200000000000500e+01
7.366400000000000148e+01
7.369599999999999795e+01
7.372800000000000864e+01
7.376000000000000512e+01
7.379200000000000159e+01
7.382399999999999807e+01
7.385599999999999454e+01
7.388800000000000523e+01
7.392000000000000171e+01
7.395199999999999818e+01
7.398399999999999466e+01
7.401600000000000534e+01
7.404800000000000182e+01
7.407999999999999829e+01
7.411199999999999477e+01
7.414400000000000546e+01
7.417600000000000193e+01
7.420799999999999841e+01
7.423999999999999488e+01
7.427200000000000557e+01
7.430400000000000205e+01
7.433599999999999852e+01
7.436799999999999500e+01
7.440000000000000568e+01
7.443200000000000216e+01
7.446399999999999864e+01
7.449599999999999511e+01
7.452800000000000580e+01
7.456000000000000227e+01
7.459199999999999875e+01
7.462399999999999523e+01
7.465600000000000591e+01
7.468800000000000239e+01
7.471999999999999886e+01
7.475199999999999534e+01
7.478400000000000603e+01
7.481600000000000250e+01
7.484799999999999898e+01
7.487999999999999545e+01
7.491200000000000614e+01
7.494400000000000261e+01
7.497599999999999909e+01
7.500799999999999557e+01
7.504000000000000625e+01
7.507200000000000273e+01
7.510399999999999920e+01
7.513599999999999568e+01
7.516800000000000637e+01
7.520000000000000284e+01
7.523199999999999932e+01
7.526399999999999579e+01
7.529600000000000648e+01
7.532800000000000296e+01
7.535999999999999943e+01
7.539199999999999591e+01
7.542400000000000659e+01
7.545600000000000307e+01
7.548799999999999955e+01
7.551999999999999602e+01
7.555200000000000671e+01
7.558400000000000318e+01
7.561599999999999966e+01
7.564799999999999613e+01
7.568000000000000682e+01
7.571200000000000330e+01
7.574399999999999977e+01
7.577599999999999625e+01
7.580800000000000693e+01
7.584000000000000341e+01
7.587199999999999989e+01
7.590399999999999636e+01
7.593600000000000705e+01
7.596800000000000352e+01
7.600000000000000000e+01
7.603199999999999648e+01
7.606400000000000716e+01
7.609600000000000364e+01
7.612800000000000011e+01
7.615999999999999659e+01
7.619200000000000728e+01
7.622400000000000375e+01
7.625600000000000023e+01
7.628799999999999670e+01
7.632000000000000739e+01
7.635200000000000387e+01
7.638400000000000034e+01
7.641599999999999682e+01
7.644800000000000750e+01
7.648000000000000398e+01
7.651200000000000045e+01
7.654399999999999693e+01
7.657600000000000762e+01
7.660800000000000409e+01
7.664000000000000057e+01
7.667199999999999704e+01
7.670400000000000773e+01
7.673600000000000421e+01
7.676800000000000068e+01
7.679999999999999716e+01
7.683200000000000784e+01
7.686400000000000432e+01
7.689600000000000080e+01
7.692799999999999727e+01
7.696000000000000796e+01
7.699200000000000443e+01
7.702400000000000091e+01
7.705599999999999739e+01
7.708800000000000807e+01
7.712000000000000455e+01
7.715200000000000102e+01
7.718399999999999750e+01
7.721600000000000819e+01
7.724800000000000466e+01
7.728000000000000114e+01
7.731199999999999761e+01
7.734400000000000830e+01
7.737600000000000477e+01
7.740800000000000125e+01
7.743999999999999773e+01
7.747200000000000841e+01
7.750400000000000489e+01
7.753600000000000136e+01
7.756799999999999784e+01
7.760000000000000853e+01
7.763200000000000500e+01
7.766400000000000148e+01
7.769599999999999795e+01
7.772800000000000864e+01
7.776000000000000512e+01
7.779200000000000159e+01
7.782399999999999807e+01
7.785599999999999454e+01
7.788800000000000523e+01
7.792000000000000171e+01
7.795199999999999818e+01
7.798399999999999466e+01
7.801600000000000534e+01
7.804800000000000182e+01
7.807999999999999829e+01
7.811199999999999477e+01
7.814400000000000546e+01
7.817600000000000193e+01
7.820799999999999841e+01
7.823999999999999488e+01
7.827200000000000557e+01
7.830400000000000205e+01
7.833599999999999852e+01
7.836799999999999500e+01
7.840000000000000568e+01
7.843200000000000216e+01
7.846399999999999864e+01
7.849599999999999511e+01
7.852800000000000580e+01
7.856000000000000227e+01
7.859199999999999875e+01
7.862399999999999523e+01
7.865600000000000591e+01
7.868800000000000239e+01
7.871999999999999886e+01
7.875199999999999534e+01
7.878400000000000603e+01
7.881600000000000250e+01
7.884799999999999898e+01
7.887999999999999545e+01
7.891200000000000614e+01
7.894400000000000261e+01
7.897599999999999909e+01
7.900799999999999557e+01
7.904000000000000625e+01
7.907200000000000273e+01
7.910399999999999920e+01
7.913599999999999568e+01
7.916800000000000637e+01
7.920000000000000284e+01
7.923199999999999932e+01
7.926399999999999579e+01
7.929600000000000648e+01
7.932800000000000296e+01
7.935999999999999943e+01
7.939199999999999591e+01
7.942400000000000659e+01
7.945600000000000307e+01
7.948799999999999955e+01
7.951999999999999602e+01
7.955200000000000671e+01
7.958400000000000318e+01
7.961599999999999966e+01
7.964799999999999613e+01
7.968000000000000682e+01
7.971200000000000330e+01
7.974399999999999977e+01
7.977599999999999625e+01
7.980800000000000693e+01
7.984000000000000341e+01
7.987199999999999989e+01
7.990399999999999636e+01
7.993600000000000705e+01
7.996800000000000352e+01
8.000000000000000000e+01
