0.000000000000000000e+00
3.141592653589793116e-01
6.283185307179586232e-01
9.424777960769379348e-01
1.256637061435917246e+00
1.570796326794896558e+00
1.884955592153875870e+00
2.199114857512855181e+00
2.513274122871834493e+00
2.827433388230813804e+00
3.141592653589793116e+00
3.455751918948772428e+00
3.769911184307751739e+00
4.084070449666731051e+00
4.398229715025710362e+00
4.712388980384689674e+00
5.026548245743668986e+00
5.340707511102648297e+00
5.654866776461627609e+00
5.969026041820606920e+00
6.283185307179586232e+00
6.597344572538565544e+00
6.911503837897544855e+00
7.225663103256524167e+00
7.539822368615503478e+00
7.853981633974482790e+00
8.168140899333462102e+00
8.482300164692441413e+00
8.796459430051420725e+00
9.110618695410400036e+00
9.424777960769379348e+00
9.738937226128358660e+00
1.005309649148733797e+01
1.036725575684631728e+01
1.068141502220529659e+01
1.099557428756427591e+01
1.130973355292325522e+01
1.162389281828223453e+01
1.193805208364121384e+01
1.225221134900019315e+01
1.256637061435917246e+01
1.288052987971815178e+01
1.319468914507713109e+01
1.350884841043611040e+01
1.382300767579508971e+01
1.413716694115406902e+01
1.445132620651304833e+01
1.476548547187202765e+01
1.507964473723100696e+01
1.539380400258998627e+01
1.570796326794896558e+01
1.602212253330794312e+01
1.633628179866692420e+01
1.665044106402590529e+01
1.696460032938488283e+01
1.727875959474386036e+01
1.759291886010284145e+01
1.790707812546182254e+01
1.822123739082080007e+01
1.853539665617977761e+01
1.884955592153875870e+01
1.916371518689773978e+01
1.947787445225671732e+01
1.979203371761569485e+01
2.010619298297467594e+01
2.042035224833365703e+01
2.073451151369263457e+01
2.104867077905161210e+01
2.136283004441059319e+01
2.167698930976957428e+01
2.199114857512855181e+01
2.230530784048752935e+01
2.261946710584651044e+01
2.293362637120549152e+01
2.324778563656446906e+01
2.356194490192344659e+01
2.387610416728242768e+01
2.419026343264140877e+01
2.450442269800038630e+01
2.481858196335936384e+01
2.513274122871834493e+01
2.544690049407732602e+01
2.576105975943630355e+01
2.607521902479528109e+01
2.638937829015426217e+01
2.670353755551324326e+01
2.701769682087222080e+01
2.733185608623119833e+01
2.764601535159017942e+01
2.796017461694916051e+01
2.827433388230813804e+01
2.858849314766711558e+01
2.890265241302609667e+01
2.921681167838507776e+01
2.953097094374405529e+01
2.984513020910303283e+01
3.015928947446201391e+01
3.047344873982099500e+01
3.078760800517997254e+01
3.110176727053895007e+01
3.141592653589793116e+01
3.173008580125691225e+01
3.204424506661588623e+01
3.235840433197486732e+01
3.267256359733384841e+01
3.298672286269282949e+01
3.330088212805181058e+01
3.361504139341078456e+01
3.392920065876976565e+01
3.424335992412874674e+01
3.455751918948772072e+01
3.487167845484670181e+01
3.518583772020568290e+01
3.549999698556466399e+01
3.581415625092364508e+01
3.612831551628261906e+01
3.644247478164160015e+01
3.675663404700058123e+01
3.707079331235955522e+01
3.738495257771853630e+01
3.769911184307751739e+01
3.801327110843649848e+01
3.832743037379547957e+01
3.864158963915445355e+01
3.895574890451343464e+01
3.926990816987241573e+01
3.958406743523138971e+01
3.989822670059037080e+01
4.021238596594935188e+01
4.052654523130833297e+01
4.084070449666731406e+01
4.115486376202628804e+01
4.146902302738526913e+01
4.178318229274425022e+01
4.209734155810322420e+01
4.241150082346220529e+01
4.272566008882118638e+01
4.303981935418016747e+01
4.335397861953914855e+01
4.366813788489812254e+01
4.398229715025710362e+01
4.429645641561608471e+01
4.461061568097505869e+01
4.492477494633403978e+01
4.523893421169302087e+01
4.555309347705200196e+01
4.586725274241098305e+01
4.618141200776995703e+01
4.649557127312893812e+01
4.680973053848791920e+01
4.712388980384689319e+01
4.743804906920587428e+01
4.775220833456485536e+01
4.806636759992383645e+01
4.838052686528281754e+01
4.869468613064179152e+01
4.900884539600077261e+01
4.932300466135975370e+01
4.963716392671872768e+01
4.995132319207770877e+01
5.026548245743668986e+01
5.057964172279567094e+01
5.089380098815465203e+01
5.120796025351362601e+01
5.152211951887260710e+01
5.183627878423158819e+01
5.215043804959056217e+01
5.246459731494954326e+01
5.277875658030852435e+01
5.309291584566750544e+01
5.340707511102648652e+01
5.372123437638546051e+01
5.403539364174444160e+01
5.434955290710342268e+01
5.466371217246239667e+01
5.497787143782137775e+01
5.529203070318035884e+01
5.560618996853933993e+01
5.592034923389832102e+01
5.623450849925729500e+01
5.654866776461627609e+01
5.686282702997525718e+01
5.717698629533423116e+01
5.749114556069321225e+01
5.780530482605219333e+01
5.811946409141117442e+01
5.843362335677015551e+01
5.874778262212912949e+01
5.906194188748811058e+01
5.937610115284709167e+01
5.969026041820606565e+01
6.000441968356504674e+01
6.031857894892402783e+01
6.063273821428300892e+01
6.094689747964199000e+01
6.126105674500096399e+01
6.157521601035994507e+01
6.188937527571892616e+01
6.220353454107790014e+01
6.251769380643688123e+01
6.283185307179586232e+01
6.314601233715484341e+01
6.346017160251382450e+01
6.377433086787279848e+01
6.408849013323177246e+01
6.440264939859075355e+01
6.471680866394973464e+01
6.503096792930871572e+01
6.534512719466769681e+01
6.565928646002667790e+01
6.597344572538565899e+01
6.628760499074464008e+01
6.660176425610362116e+01
6.691592352146258804e+01
6.723008278682156913e+01
6.754424205218055022e+01
6.785840131753953131e+01
6.817256058289851239e+01
6.848671984825749348e+01
6.880087911361647457e+01
6.911503837897544145e+01
6.942919764433442253e+01
6.974335690969340362e+01
7.005751617505238471e+01
7.037167544041136580e+01
7.068583470577034689e+01
7.099999397112932797e+01
7.131415323648830906e+01
7.162831250184729015e+01
7.194247176720625703e+01
7.225663103256523812e+01
7.257079029792421920e+01
7.288494956328320029e+01
7.319910882864218138e+01
7.351326809400116247e+01
7.382742735936014356e+01
7.414158662471911043e+01
7.445574589007809152e+01
7.476990515543707261e+01
7.508406442079605370e+01
7.539822368615503478e+01
7.571238295151401587e+01
7.602654221687299696e+01
7.634070148223197805e+01
7.665486074759095914e+01
7.696902001294992601e+01
7.728317927830890710e+01
7.759733854366788819e+01
7.791149780902686928e+01
7.822565707438585036e+01
7.853981633974483145e+01
7.885397560510381254e+01
7.916813487046277942e+01
7.948229413582176051e+01
7.979645340118074159e+01
8.011061266653972268e+01
8.042477193189870377e+01
8.073893119725768486e+01
8.105309046261666595e+01
8.136724972797564703e+01
8.168140899333462812e+01
8.199556825869359500e+01
8.230972752405257609e+01
8.262388678941155717e+01
8.293804605477053826e+01
8.325220532012951935e+01
8.356636458548850044e+01
8.388052385084748153e+01
8.419468311620644840e+01
8.450884238156542949e+01
8.482300164692441058e+01
8.513716091228339167e+01
8.545132017764237276e+01
8.576547944300135384e+01
8.607963870836033493e+01
8.639379797371931602e+01
8.670795723907829711e+01
8.702211650443726398e+01
8.733627576979624507e+01
8.765043503515522616e+01
8.796459430051420725e+01
8.827875356587318834e+01
8.859291283123216942e+01
8.890707209659115051e+01
8.922123136195011739e+01
8.953539062730909848e+01
8.984954989266807956e+01
9.016370915802706065e+01
9.047786842338604174e+01
9.079202768874502283e+01
9.110618695410400392e+01
9.142034621946298500e+01
9.173450548482196609e+01
9.204866475018093297e+01
9.236282401553991406e+01
9.267698328089889515e+01
9.299114254625787623e+01
9.330530181161685732e+01
9.361946107697583841e+01
9.393362034233481950e+01
9.424777960769378637e+01
9.456193887305276746e+01
9.487609813841174855e+01
9.519025740377072964e+01
9.550441666912971073e+01
9.581857593448869181e+01
9.613273519984767290e+01
9.644689446520665399e+01
9.676105373056563508e+01
9.707521299592460196e+01
9.738937226128358304e+01
9.770353152664256413e+01
9.801769079200154522e+01
9.833185005736052631e+01
9.864600932271950740e+01
9.896016858807848848e+01
9.927432785343745536e+01
9.958848711879643645e+01
9.990264638415541754e+01
1.002168056495143986e+02
1.005309649148733797e+02
1.008451241802323608e+02
1.011592834455913419e+02
1.014734427109503230e+02
1.017876019763093041e+02
1.021017612416682709e+02
1.024159205070272520e+02
1.027300797723862331e+02
1.030442390377452142e+02
1.033583983031041953e+02
1.036725575684631764e+02
1.039867168338221575e+02
1.043008760991811243e+02
1.046150353645401054e+02
1.049291946298990865e+02
1.052433538952580676e+02
1.055575131606170487e+02
1.058716724259760298e+02
1.061858316913350109e+02
1.064999909566939920e+02
1.068141502220529730e+02
1.071283094874119399e+02
1.074424687527709210e+02
1.077566280181299021e+02
1.080707872834888832e+02
1.083849465488478643e+02
1.086991058142068454e+02
1.090132650795658265e+02
1.093274243449247933e+02
1.096415836102837744e+02
1.099557428756427555e+02
1.102699021410017366e+02
1.105840614063607177e+02
1.108982206717196988e+02
1.112123799370786799e+02
1.115265392024376609e+02
1.118406984677966420e+02
1.121548577331556089e+02
1.124690169985145900e+02
1.127831762638735711e+02
1.130973355292325522e+02
1.134114947945915333e+02
1.137256540599505144e+02
1.140398133253094954e+02
1.143539725906684623e+02
1.146681318560274434e+02
1.149822911213864245e+02
1.152964503867454056e+02
1.156106096521043867e+02
1.159247689174633678e+02
1.162389281828223488e+02
1.165530874481813299e+02
1.168672467135403110e+02
1.171814059788992779e+02
1.174955652442582590e+02
1.178097245096172401e+02
1.181238837749762212e+02
1.184380430403352022e+02
1.187522023056941833e+02
1.190663615710531644e+02
1.193805208364121313e+02
1.196946801017711124e+02
1.200088393671300935e+02
1.203229986324890746e+02
1.206371578978480557e+02
1.209513171632070367e+02
1.212654764285660178e+02
1.215796356939249989e+02
1.218937949592839800e+02
1.222079542246429469e+02
1.225221134900019280e+02
1.228362727553609091e+02
1.231504320207198901e+02
1.234645912860788712e+02
1.237787505514378523e+02
1.240929098167968334e+02
1.244070690821558003e+02
1.247212283475147814e+02
1.250353876128737625e+02
1.253495468782327436e+02
1.256637061435917246e+02
1.259778654089507057e+02
1.262920246743096868e+02
1.266061839396686679e+02
1.269203432050276490e+02
1.272345024703866159e+02
1.275486617357455970e+02
1.278628210011045780e+02
1.281769802664635449e+02
1.284911395318225402e+02
1.288052987971815071e+02
1.291194580625405024e+02
1.294336173278994693e+02
1.297477765932584646e+02
1.300619358586174314e+02
1.303760951239764267e+02
1.306902543893353936e+02
1.310044136546943605e+02
1.313185729200533558e+02
1.316327321854123227e+02
1.319468914507713180e+02
1.322610507161302849e+02
1.325752099814892802e+02
1.328893692468482470e+02
1.332035285122072423e+02
1.335176877775662092e+02
1.338318470429251761e+02
1.341460063082841714e+02
1.344601655736431383e+02
1.347743248390021336e+02
1.350884841043611004e+02
1.354026433697200957e+02
1.357168026350790626e+02
1.360309619004380295e+02
1.363451211657970248e+02
1.366592804311559917e+02
1.369734396965149870e+02
1.372875989618739538e+02
1.376017582272329491e+02
1.379159174925919160e+02
1.382300767579508829e+02
1.385442360233098782e+02
1.388583952886688451e+02
1.391725545540278404e+02
1.394867138193868072e+02
1.398008730847458025e+02
1.401150323501047694e+02
1.404291916154637647e+02
1.407433508808227316e+02
1.410575101461816985e+02
1.413716694115406938e+02
1.416858286768996606e+02
1.419999879422586559e+02
1.423141472076176228e+02
1.426283064729766181e+02
1.429424657383355850e+02
1.432566250036945803e+02
1.435707842690535472e+02
1.438849435344125141e+02
1.441991027997715094e+02
1.445132620651304762e+02
1.448274213304894715e+02
1.451415805958484384e+02
1.454557398612074337e+02
1.457698991265664006e+02
1.460840583919253675e+02
1.463982176572843628e+02
1.467123769226433296e+02
1.470265361880023249e+02
1.473406954533612918e+02
1.476548547187202871e+02
1.479690139840792540e+02
1.482831732494382209e+02
1.485973325147972162e+02
1.489114917801561830e+02
1.492256510455151783e+02
1.495398103108741452e+02
1.498539695762331405e+02
1.501681288415921074e+02
1.504822881069511027e+02
1.507964473723100696e+02
1.511106066376690364e+02
1.514247659030280317e+02
1.517389251683869986e+02
1.520530844337459939e+02
1.523672436991049608e+02
1.526814029644639561e+02
1.529955622298229230e+02
1.533097214951819183e+02
1.536238807605408851e+02
1.539380400258998520e+02
1.542521992912588473e+02
1.545663585566178142e+02
1.548805178219768095e+02
1.551946770873357764e+02
1.555088363526947717e+02
1.558229956180537386e+02
1.561371548834127054e+02
1.564513141487717007e+02
1.567654734141306676e+02
1.570796326794896629e+02
