# Created by Octave 4.0.3, Thu Jun 29 20:28:29 2017 CEST <timo@timo-Lenovo-ideapad-100-14IBY>
# name: gzdiff
# type: matrix
# rows: 1000
# columns: 3
 0.1 0.000609462794084692 -3.92539453597017
 0.2 0.002376439279167197 -3.85159381527497
 0.3 0.005210572562743376 -3.778621370707777
 0.4 0.009024007149057045 -3.706500701181623
 0.5 0.01373154100107321 -3.635255180766902
 0.6 0.0192507381782141 -3.564907961097915
 0.7000000000000001 0.02550201072533831 -3.495481867633443
 0.8 0.03240867726443541 -3.426999290420201
 0.9 0.03989700449005928 -3.35948207017799
 1 0.04789623655216468 -3.292951380696182
 1.1 0.05633861616470837 -3.227427608698685
 1.2 0.06515940023406941 -3.162930232491047
 1.3 0.07429687187186884 -3.099477700844163
 1.4 0.08369234985324248 -3.037087313685686
 1.5 0.09329019590503762 -2.975775106257512
 1.6 0.1030378196603339 -2.915555738448841
 1.7 0.1128856806903182 -2.856442391024305
 1.8 0.122787286719086 -2.798446670431921
 1.9 0.1326991869314558 -2.741578523793919
 2 0.142580959191847 -2.685846165554341
 2.1 0.1523951899920357 -2.631256017082988
 2.2 0.1621074460260283 -2.57781266031958
 2.3 0.1716862364393319 -2.525518806290915
 2.4 0.1811029650024008 -2.474375279055288
 2.5 0.1903318717016735 -2.424381015331835
 2.6 0.1993499635099969 -2.375533079767719
 2.7 0.2081369343788011 -2.327826695494196
 2.8 0.2166750747723376 -2.281255289333587
 2.9 0.22494917132836 -2.235810550753404
 3 0.2329463974693295 -2.191482503428726
 3.1 0.2406561959937181 -2.148259588077508
 3.2 0.2480701548446822 -2.106128755079499
 3.3 0.2551818773761334 -2.065075565281405
 3.4 0.2619868485156949 -2.025084297329142
 3.5 0.2684822982578583 -1.986138059851529
 3.6 0.274667063914257 -1.948218906844871
 3.7 0.2805414525022718 -1.911307954671523
 3.8 0.286107104576147 -1.875385499180193
 3.9 0.2913668607001787 -1.840431131577803
 4 0.2963246316389698 -1.806423851823105
 4.1 0.3009852732012848 -1.773342178466784
 4.2 0.3053544665263646 -1.741164254024129
 4.3 0.3094386044525221 -1.709867945129282
 4.399999999999999 0.3132446844600778 -1.679430936880068
 4.5 0.3167802085392104 -1.649830820935098
 4.6 0.3200530902010323 -1.621045177067481
 4.7 0.3230715687300776 -1.593051648009331
 4.8 0.3258441306681075 -1.565828007537425
 4.9 0.3283794384266467 -1.539352221850977
 5 0.3306862658458178 -1.513602504378932
 5.1 0.3327734404524407 -1.488557364225108
 5.2 0.3346497921181579 -1.464195648516554
 5.3 0.3363241077796872 -1.440496578964778
 5.4 0.3378050918552968 -1.417439782980987
 5.5 0.3391013319732095 -1.395005319708758
 5.6 0.3402212696199547 -1.373173701348751
 5.7 0.3411731753139142 -1.351925910154995
 5.8 0.3419651279151357 -1.331243411479603
 5.9 0.3426049976918526 -1.31110816323478
 6 0.343100432778213 -1.291502622129182
 6.1 0.3434588486747201 -1.27240974701985
 6.2 0.3436874204620646 -1.253812999703238
 6.3 0.3437930774193347 -1.235696343449413
 6.4 0.3437824997594516 -1.218044239562636
 6.5 0.3436621172160264 -1.200841642230866
 6.6 0.343438109237743 -1.184073991905415
 6.7 0.3431164065671517 -1.167727207431543
 6.8 0.3427026940016253 -1.151787677130378
 6.9 0.3422024141535125 -1.136242249013589
 7 0.3416207720450091 -1.121078220293853
 7.1 0.3409627403908098 -1.10628332633676
 7.2 0.3402330654373333 -1.091845729184103
 7.3 0.3394362732430294 -1.07775400576322
 7.4 0.3385766762971314 -1.06399713588354
 7.5 0.3376583803875761 -1.050564490108779
 7.6 0.3366852916398804 -1.03744581758179
 7.7 0.3356611236589611 -1.024631233868736
 7.8 0.3345894047160352 -1.012111208879473
 7.9 0.3334734849301487 -0.9998765549131511
 8 0.3323165434020547 -0.9879184148698703
 8.1 0.3311215952647651 -0.9762282506627914
 8.199999999999999 0.3298914986207133 -0.9647978318591064
 8.300000000000001 0.3286289613413609 -0.9536192245726087
 8.4 0.3273365477088238 -0.9426847806264079
 8.5 0.3260166848840552 -0.9319871269998176
 8.6 0.3246716691889793 -0.9215191555699458
 8.699999999999999 0.323303672193612 -0.9112740131554455
 8.800000000000001 0.3219147466011321 -0.9012450918672759
 8.9 0.3205068319270963 -0.8914260197685409
 9 0.3190817599702046 -0.8818106518440546
 9.1 0.3176412600740132 -0.8723930612781022
 9.199999999999999 0.3161869641803512 -0.8631675310376872
 9.300000000000001 0.3147204116764095 -0.8541285457572729
 9.4 0.3132430540386548 -0.8452707839199216
 9.5 0.311756259276916 -0.8365891103290554
 9.6 0.3102613161833679 -0.8280785688644302
 9.700000000000001 0.3087594383912878 -0.8197343755151546
 9.800000000000001 0.3072517682490896 -0.811551911682296
 9.9 0.3057393805147218 -0.8035267177437154
 10 0.3042232858771955 -0.7956544868725391
 10.1 0.3027044343105794 -0.7879310591018318
 10.2 0.3011837182667282 -0.7803524156270379
 10.3 0.299661975713287 -0.7729146733378449
 10.4 0.2981399930223972 -0.7656140795718561
 10.5 0.2966185077170288 -0.758447007081498
 10.6 0.2950982110801479 -0.7514099492066548
 10.7 0.2935797506331674 -0.7444995152448775
 10.8 0.2920637324892329 -0.737712426011888
 10.9 0.2905507235870111 -0.7310455095845769
 11 0.2890412538103223 -0.7244956972195528
 11.1 0.2875358179991804 -0.7180600194399153
 11.2 0.2860348778571224 -0.7117356022835235
 11.3 0.2845388637598536 -0.7055196637061854
 11.4 0.283048176469973 -0.6994095101331381
 11.5 0.2815631887624772 -0.6934025331529333
 11.6 0.2800842469649788 -0.687496206347483
 11.7 0.2786116724177619 -0.6816880822525291
 11.8 0.2771457628565723 -0.6759757894432367
 11.9 0.2756867937229102 -0.6703570297392898
 12 0.2742350194052764 -0.6648295755245314
 12.1 0.2727906744142718 -0.659391267176243
 12.2 0.2713539744961914 -0.6540400105992311
 12.3 0.2699251176870127 -0.6487737748602994
 12.4 0.2685042853105041 -0.6435905899188162
 12.5 0.2670916429234135 -0.6384885444490593
 12.6 0.2656873412101423 -0.6334657837505231
 12.7 0.2642915168297586 -0.6285205077422921
 12.8 0.2629042932178433 -0.6236509690379619
 12.9 0.2615257813455062 -0.6188554710974198
 13 0.2601560804376439 -0.614132366452412
 13.1 0.2587952786530576 -0.6094800550024612
 13.2 0.2574434537278264 -0.6048969823783292
 13.3 0.2561006735844382 -0.6003816383699287
 13.4 0.254766996908073 -0.5959325554160473
 13.5 0.253442473691988 -0.5915483071531087
 13.6 0.2521271457537884 -0.587227507020574
 13.7 0.2508210472234983 -0.5829688069204629
 13.8 0.2495242050059102 -0.5787708959286356
 13.9 0.2482366392177604 -0.5746324990557949
 14 0.246958363601135 -0.5705523760560359
 14.1 0.2456893859150689 -0.5665293202807261
 14.2 0.2444297083056751 -0.5625621575761418
 14.3 0.2431793276563143 -0.5586497452228045
 14.4 0.2419382359189103 -0.5547909709147499
 14.5 0.2407064204273675 -0.5509847517771232
 14.6 0.2394838641938548 -0.5472300334205862
 14.7 0.2382705461892234 -0.5435257890307434
 14.8 0.2370664416078689 -0.539871018491471
 14.9 0.2358715221187738 -0.5362647475404092
 15 0.2346857561021435 -0.5327060269555959
 15.1 0.2335091088738533 -0.5291939317716938
 15.2 0.2323415428970638 -0.5257275605248718
 15.3 0.2311830179827066 -0.5223060345248139
 15.4 0.2300334914786762 -0.5189284971532644
 15.5 0.2288929184488535 -0.515594113187427
 15.6 0.2277612518420626 -0.5123020681477528
 15.7 0.2266384426519346 -0.5090515676688149
 15.8 0.2255244400680058 -0.5058418368923957
 15.9 0.2244191916179399 -0.5026721198820767
 16 0.2233226433025009 -0.4995416790582924
 16.1 0.2222347397227085 -0.4964497946529526
 16.2 0.2211554241997576 -0.4933957641832472
 16.3 0.2200846388885084 -0.4903789019434867
 16.4 0.2190223248844349 -0.4873985385143664
 16.5 0.2179684223246275 -0.4844540202892264
 16.6 0.2169228704829409 -0.4815447090163006
 16.7 0.215885607859808 -0.4786699813565272
 16.8 0.2148565722670623 -0.4758292284563116
 16.9 0.2138357009077793 -0.4730218555345806
 17 0.2128229304513275 -0.470247281483778
 17.1 0.2118181971045078 -0.4675049384839403
 17.2 0.2108214366780992 -0.4647942716298105
 17.3 0.2098325846498444 -0.4621147385699863
 17.4 0.2088515762236723 -0.4594658091580966
 17.5 0.2078783463851394 -0.4568469651152956
 17.6 0.2069128299538541 -0.4542576997037921
 17.7 0.2059549616326536 -0.4516975174107615
 17.8 0.2050046760538896 -0.4491659336427838
 17.9 0.20406190782267 -0.4466624744296395
 18 0.2031265915575129 -0.4441866761380108
 18.1 0.2021986619288872 -0.4417380851938514
 18.2 0.2012780536944063 -0.4393162578139099
 18.3 0.2003647017329515 -0.4369207597453925
 18.4 0.1994585410754445 -0.4345511660140487
 18.5 0.1985595069347453 -0.4322070606798359
 18.6 0.1976675347326191 -0.4298880366004187
 18.7 0.1967825601254571 -0.4275936952018973
 18.8 0.1959045190281734 -0.4253236462564052
 18.9 0.1950333476363261 -0.4230775076668485
 19 0.1941689824469154 -0.420854905257969
 19.1 0.1933113602774678 -0.4186554725736838
 19.2 0.1924604182838811 -0.4164788506808587
 19.3 0.1916160939769107 -0.4143246879786879
 19.4 0.1907783252376534 -0.4121926400138065
 19.5 0.1899470503313227 -0.4100823693011926
 19.6 0.1891222079204053 -0.4079935451499344
 19.7 0.1883037370767087 -0.4059258434944983
 19.8 0.1874915772920869 -0.4038789467308712
 19.9 0.1866856684885854 -0.4018525435573826
 20 0.1858859510275791 -0.3998463288202928
 20.1 0.1850923657181648 -0.3978600033637323
 20.2 0.1843048538242539 -0.3958932738842103
 20.3 0.1835233570718803 -0.3939458527889553
 20.4 0.1827478176549176 -0.3920174580587045
 20.5 0.1819781782405596 -0.3901078131139655
 20.6 0.181214381974055 -0.3882166466855735
 20.7 0.1804563724828798 -0.3863436926883793
 20.8 0.1797040938803934 -0.3844886900989916
 20.9 0.1789574907689552 -0.3826513828364928
 21 0.1782165082423278 -0.3808315196468711
 21.1 0.1774810918880843 -0.3790288539902936
 21.2 0.1767511877890963 -0.3772431439318568
 21.3 0.1760267425247977 -0.3754741520350329
 21.4 0.1753077031721276 -0.373721645258321
 21.5 0.1745940173061709 -0.3719853948543621
 21.6 0.1738856330000883 -0.3702651762722209
 21.7 0.1731824988250735 -0.368560769061892
 21.8 0.1724845638500944 -0.3668719567817557
 21.9 0.1717917776407973 -0.3651985269082493
 22 0.1711040902586625 -0.3635402707481102
 22.1 0.1704214522599215 -0.361896983352739
 22.2 0.1697438146938311 -0.3602684634351884
 22.3 0.1690711291010542 -0.3586545132889828
 22.4 0.1684033475119061 -0.3570549387092903
 22.5 0.1677404224439662 -0.3554695489160364
 22.6 0.1670823068999517 -0.3538981564791995
 22.7 0.1664289543653942 -0.3523405772457932
 22.8 0.1657803188059257 -0.3507966302688832
 22.9 0.1651363546644317 -0.3492661377385049
 23 0.1644970168584776 -0.3477489249141427
 23.1 0.1638622607770522 -0.3462448200591713
 23.2 0.1632320422776593 -0.3447536543767276
 23.3 0.1626063176829368 -0.343275261947387
 23.4 0.1619850437776109 -0.3418094796683731
 23.5 0.1613681778047225 -0.3403561471942028
 23.6 0.1607556774626691 -0.3389151068789304
 23.7 0.160147500901202 -0.3374862037197645
 23.8 0.1595436067180475 -0.3360692853021935
 23.9 0.1589439539552496 -0.3346642017462158
 24 0.1583485020954984 -0.3332708056541921
 24.1 0.1577572110581506 -0.3318889520597773
 24.2 0.1571700411955333 -0.3305184983782904
 24.3 0.1565869532892951 -0.3291593043579293
 24.4 0.1560079085462112 -0.3278112320326955
 24.5 0.1554328685945214 -0.3264741456759317
 24.6 0.154861795479753 -0.3251479117553963
 24.7 0.1542946516611433 -0.3238323988890649
 24.8 0.1537314000071864 -0.3225274778023878
 24.9 0.153172003792188 -0.3212330212860945
 25 0.152616426691753 -0.3199489041553945
 25.1 0.1520646327792727 -0.3186750032098367
 25.2 0.1515165865215192 -0.3174111971944927
 25.3 0.1509722527749233 -0.316157366761617
 25.4 0.1504315967815205 -0.3149133944334455
 25.5 0.1498945841647685 -0.3136791645658936
 25.6 0.1493611809258903 -0.3124545633129224
 25.7 0.1488313534395614 -0.3112394785918984
 25.8 0.1483050684501913 -0.3100338000496361
 25.9 0.1477822930679979 -0.3088374190292595
 26 0.1472629947647101 -0.3076502285378203
 26.1 0.146747141370114 -0.306472123214672
 26.2 0.1462347010678574 -0.3053029993004913
 26.3 0.1457256423915188 -0.3041427546071766
 26.4 0.1452199342211563 -0.3029912884880246
 26.5 0.1447175457789099 -0.3018485018092145
 26.6 0.1442184466256125 -0.3007142969212018
 26.7 0.1437226066567163 -0.2995885776313615
 26.8 0.1432299960988009 -0.2984712491768493
 26.9 0.1427405855055714 -0.297362218198241
 27 0.1422543457542165 -0.2962613927136966
 27.1 0.1417712480419059 -0.2951686820937142
 27.2 0.1412912638818286 -0.2940839970364366
 27.3 0.1408143650998117 -0.2930072495433799
 27.4 0.1403405238305312 -0.2919383528959854
 27.5 0.1398697125142306 -0.2908772216322401
 27.6 0.1394019038926347 -0.2898237715243571
 27.7 0.1389370710062238 -0.2887779195562173
 27.8 0.1384751871899855 -0.2877395839020905
 27.9 0.1380162260704981 -0.286708683905227
 28 0.1375601615621307 -0.2856851400571194
 28.1 0.1371069678642189 -0.2846688739771128
 28.2 0.1366566194570439 -0.2836598083926495
 28.3 0.1362090910988442 -0.2826578671198291
 28.4 0.1357643578227744 -0.2816629750440841
 28.5 0.135322394933127 -0.2806750581017577
 28.6 0.13488317800262 -0.2796940432617657
 28.7 0.134446682868779 -0.2787198585075915
 28.8 0.1340128856312617 -0.2777524328199151
 28.9 0.1335817626482245 -0.2767916961594271
 29 0.1331532905335411 -0.2758375794497984
 29.1 0.13272744615393 -0.2748900145614695
 29.2 0.1323042066254286 -0.2739489342954645
 29.3 0.1318835493108727 -0.2730142723674098
 29.4 0.1314654518167198 -0.2720859633922949
 29.5 0.1310498919902275 -0.2711639428690885
 29.6 0.1306368479163996 -0.2702481471660526
 29.7 0.1302262979153566 -0.2693385135060133
 29.8 0.1298182205395393 -0.2684349799521197
 29.9 0.1294125945705382 -0.2675374853940354
 30 0.129009399016809 -0.2666459695339191
 30.1 0.1286086131106663 -0.2657603728731356
 30.2 0.1282102163057109 -0.2648806366992105
 30.3 0.1278141882740362 -0.2640067030726905
 30.4 0.1274205089038612 -0.2631385148145171
 30.5 0.1270291582967202 -0.2622760154937719
 30.6 0.1266401167647845 -0.2614191494152889
 30.7 0.1262533648287993 -0.2605678616078725
 30.8 0.1258688832149339 -0.2597220978125054
 30.9 0.1254866528527992 -0.2588818044709587
 31 0.1251066548730862 -0.2580469287143208
 31.1 0.1247288706044405 -0.2572174183522569
 31.2 0.1243532815719967 -0.2563932218619435
 31.3 0.1239798694943222 -0.255574288377538
 31.4 0.1236086162813981 -0.254760567679696
 31.5 0.123239504032387 -0.2539520101853977
 31.6 0.1228725150331444 -0.2531485669379744
 31.7 0.1225076317540731 -0.2523501895971252
 31.8 0.1221448368479749 -0.2515568304292679
 31.9 0.121784113147937 -0.2507684422981714
 32 0.1214254436647378 -0.2499849786556584
 32.1 0.121068811585241 -0.2492063935323165
 32.2 0.1207142002701853 -0.2484326415285643
 32.3 0.120361593251735 -0.247663677806189
 32.40000000000001 0.1200109742318134 -0.2468994580791622
 32.5 0.1196623270800372 -0.2461399386055967
 32.6 0.1193156358315533 -0.2453850761793555
 32.7 0.1189708846851493 -0.244634828121654
 32.8 0.1186280580013024 -0.2438891522733567
 32.90000000000001 0.1182871403002409 -0.2431480069867981
 33 0.1179481162601289 -0.2424113511183557
 33.1 0.1176109707150249 -0.241679144020689
 33.2 0.1172756886531716 -0.2409513455352709
 33.3 0.1169422552151225 -0.240227915985076
 33.40000000000001 0.1166106556919466 -0.2395088161674706
 33.5 0.1162808755233586 -0.2387940073471312
 33.6 0.1159529002960725 -0.2380834512491301
 33.7 0.1156267157421014 -0.2373771100518585
 33.8 0.1153023077367847 -0.2366749463808046
 33.90000000000001 0.1149796622974638 -0.2359769233016592
 34 0.1146587655815171 -0.2352830043137756
 34.1 0.1143396038848831 -0.2345931533441743
 34.2 0.1140221636402562 -0.233907334741081
 34.3 0.1137064314156351 -0.2332255132677755
 34.40000000000001 0.1133923939127305 -0.2325476540965822
 34.5 0.113080037965363 -0.2318737228031569
 34.6 0.1127693505377532 -0.2312036853603974
 34.7 0.112460318723524 -0.2305375081328913
 34.8 0.112152929743291 -0.2298751578713135
 34.90000000000001 0.1118471709441425 -0.2292166017067804
 35 0.1115430297975649 -0.2285618071455524
 35.1 0.1112404938981162 -0.227910742063707
 35.2 0.1109395509620954 -0.2272633747017151
 35.3 0.1106401888260758 -0.2266196736595731
 35.40000000000001 0.1103423954455958 -0.2259796078914699
 35.5 0.1100461588934783 -0.2253431467010278
 35.6 0.1097514673589033 -0.2247102597361887
 35.7 0.1094583091457196 -0.224080916984693
 35.8 0.1091666726712895 -0.2234550887689566
 35.90000000000001 0.1088765464651915 -0.2228327457417601
 36 0.1085879191678317 -0.2222138588815523
 36.1 0.1083007795292196 -0.2215983994878539
 36.2 0.1080151164077947 -0.2209863391769953
 36.3 0.1077309187690296 -0.2203776498776189
 36.40000000000001 0.1074481756841932 -0.2197723038265355
 36.5 0.107166876329476 -0.2191702735642746
 36.6 0.1068870099842021 -0.218571531931403
 36.7 0.1066085660302505 -0.2179760520638733
 36.8 0.1063315339507451 -0.2173838073893005
 36.90000000000001 0.1060559033283852 -0.2167947716232549
 37 0.1057816638450384 -0.2162089187648167
 37.1 0.1055088052802218 -0.2156262230933236
 37.2 0.1052373175101596 -0.2150466591642011
 37.3 0.1049671905062965 -0.2144702018055495
 37.40000000000001 0.1046984143349742 -0.213896826114302
 37.5 0.1044309791556009 -0.2133265074527852
 37.6 0.1041648752200914 -0.2127592214451084
 37.7 0.1039000928716473 -0.2121949439737106
 37.8 0.1036366225435165 -0.2116336511760725
 37.90000000000001 0.1033744547586078 -0.2110753194411145
 38 0.1031135801278939 -0.2105199254061409
 38.1 0.1028539893496276 -0.2099674459534208
 38.2 0.1025956732082725 -0.2094178582070588
 38.3 0.1023386225738366 -0.208871139529905
 38.40000000000001 0.1020828284007678 -0.2083272675202181
 38.50000000000001 0.101828281726688 -0.2077862200089004
 38.6 0.1015749736720974 -0.207247975056293
 38.7 0.1013228954388414 -0.2067125109493765
 38.8 0.1010720383097171 -0.2061798061986424
 38.90000000000001 0.1008223936472864 -0.2056498395353446
 39.00000000000001 0.1005739528930479 -0.205122589908806
 39.1 0.1003267075664064 -0.2045980364833772
 39.2 0.1000806492643361 -0.2040761586358281
 39.3 0.09983576966008842 -0.203556935952666
 39.40000000000001 0.09959206050226505 -0.2030403482275439
 39.50000000000001 0.09934951361443864 -0.2025263754583341
 39.6 0.099108120894007 -0.2020149978449804
 39.7 0.09886787431145874 -0.2015061957867035
 39.8 0.09862876590960251 -0.2009999498794
 39.90000000000001 0.09839078780254887 -0.2004962409135526
 40.00000000000001 0.09815393217574817 -0.1999950498713231
 40.1 0.09791819128416129 -0.1994963579246621
 40.2 0.09768355745181789 -0.1990001464324955
 40.3 0.09745002307165021 -0.1985063969388233
 40.40000000000001 0.09721758060430524 -0.198015091170038
 40.50000000000001 0.09698622257688039 -0.1975262110330594
 40.6 0.0967559415837406 -0.1970397386125851
 40.7 0.0965267302837825 -0.196555656169752
 40.8 0.09629858140175609 -0.196073946138946
 40.90000000000001 0.09607148772570137 -0.1955945911265619
 41.00000000000001 0.09584544210790619 -0.1951175739084208
 41.1 0.09562043746299367 -0.1946428774278734
 41.2 0.09539646676795119 -0.1941704847937299
 41.3 0.09517352306133173 -0.1937003792782711
 41.40000000000001 0.09495159944216677 -0.1932325443153301
 41.50000000000001 0.09473068907044577 -0.1927669634981641
 41.6 0.09451078516481384 -0.1923036205777922
 41.7 0.09429188100333952 -0.1918424994610661
 41.8 0.09407396992270101 -0.1913835842084086
 41.90000000000001 0.0938570453165902 -0.1909268590326235
 42.00000000000001 0.09364110063629374 -0.1904723082967103
 42.1 0.09342612938943057 -0.190019916511923
 42.2 0.09321212513957952 -0.189569668336457
 42.3 0.09299908150550903 -0.1891215485733896
 42.40000000000001 0.09278699216099362 -0.1886755421690987
 42.50000000000001 0.09257585083377548 -0.1882316342114485
 42.6 0.09236565130523852 -0.1877898099284049
 42.7 0.0921563874099624 -0.1873500546861028
 42.8 0.09194805303496265 -0.1869123539873056
 42.90000000000001 0.09174064211917038 -0.1864766934699854
 43.00000000000001 0.09153414865291576 -0.1860430589055972
 43.1 0.09132856667749087 -0.1856114361975704
 43.2 0.09112389028462436 -0.185181811379614
 43.3 0.09092011361595612 -0.1847541706145739
 43.40000000000001 0.09071723086220165 -0.1843285001927458
 43.50000000000001 0.09051523626321456 -0.1839047865302376
 43.6 0.09031412410702302 -0.1834830161679136
 43.7 0.0901138887295509 -0.1830631757695901
 43.8 0.08991452451404539 -0.1826452521209015
 43.90000000000001 0.08971602589074198 -0.1822292321277831
 44.00000000000001 0.08951838733611778 -0.1818151028151331
 44.1 0.08932160337266268 -0.1814028513255036
 44.2 0.08912566856846493 -0.1809924649177315
 44.3 0.08893057753645314 -0.1805839309655103
 44.40000000000001 0.08873632493425768 -0.1801772369564548
 44.50000000000001 0.08854290546327015 -0.1797723704902927
 44.6 0.0883503138691612 -0.1793693192781743
 44.7 0.08815854494002509 -0.1789680711410489
 44.8 0.08796759350760314 -0.178568614008482
 44.90000000000001 0.08777745444536711 -0.1781709359175964
 45.00000000000001 0.08758812266892824 -0.1777750250118149
 45.1 0.08739959313552717 -0.1773808695395549
 45.2 0.08721186084344956 -0.1769884578532653
 45.3 0.08702492083156338 -0.1765977784081544
 45.40000000000001 0.08683876817914413 -0.1762088197611385
 45.50000000000001 0.08665339800532532 -0.1758215705696221
 45.6 0.08646880546884886 -0.175436019590441
 45.7 0.08628498576740742 -0.1750521556788883
 45.8 0.08610193413754288 -0.1746699677874474
 45.90000000000001 0.08591964585403794 -0.1742894449649033
 46.00000000000001 0.08573811622971142 -0.1739105763551248
 46.1 0.08555734061499007 -0.1735333511961758
 46.2 0.08537731439751914 -0.1731577588193189
 46.3 0.08519803300179371 -0.1727837886478464
 46.40000000000001 0.08501949188876448 -0.1724114301962426
 46.50000000000001 0.08484168655569216 -0.1720406730691969
 46.6 0.084664612535468 -0.1716715069603209
 46.7 0.08448826539641166 -0.1713039216518653
 46.8 0.0843126407419949 -0.1709379070131405
 46.90000000000001 0.08413773421069851 -0.1705734529997191
 47.00000000000001 0.08396354147510876 -0.1702105496528548
 47.1 0.08379005824193184 -0.1698491870982318
 47.2 0.08361728025186438 -0.1694893555451276
 47.3 0.08344520327877539 -0.1691310452856993
 47.40000000000001 0.08327382312981033 -0.1687742466938484
 47.50000000000001 0.0831031356452222 -0.1684189502245722
 47.6 0.08293313669687399 -0.1680651464131467
 47.7 0.08276382218987446 -0.1677128258739903
 47.8 0.08259518806048441 -0.1673619793001724
 47.90000000000001 0.08242723027671806 -0.1670125974623524
 48.00000000000001 0.0822599448380546 -0.1666646712081943
 48.1 0.08209332777461489 -0.1663181914612465
 48.2 0.08192737514744505 -0.1659731492206034
 48.3 0.08176208304792881 -0.1656295355596012
 48.40000000000001 0.08159744759754184 -0.1652873416255241
 48.50000000000001 0.08143346494762627 -0.1649465586385497
 48.6 0.08127013127883928 -0.1646071778911324
 48.7 0.0811074428013899 -0.164269190747163
 48.8 0.08094539575416296 -0.1639325886414003
 48.90000000000001 0.08078398640532161 -0.1635973630784205
 49.00000000000001 0.08062321105068032 -0.1632635056323739
 49.1 0.08046306601503192 -0.1629310079458646
 49.2 0.08030354765044259 -0.1625998617294859
 49.3 0.08014465233692741 -0.1622700587610728
 49.40000000000001 0.07998637648202284 -0.1619415908849368
 49.50000000000001 0.07982871652001533 -0.1616144500113603
 49.6 0.07967166891247265 -0.1612886281157901
 49.7 0.0795152301475677 -0.1609641172382325
 49.8 0.07935939673960288 -0.1606409094826182
 49.90000000000001 0.07920416522932316 -0.1603189970161414
 50.00000000000001 0.07904953218328292 -0.1599983720686397
 50.1 0.07889549419346298 -0.1596790269320459
 50.2 0.07874204787789132 -0.159360953959518
 50.3 0.07858918987901908 -0.1590441455651619
 50.40000000000001 0.07843691686513984 -0.1587285942231916
 50.50000000000001 0.07828522552859762 -0.1584142924674217
 50.6 0.07813411258656472 -0.158101232890633
 50.7 0.07798357478043219 -0.1577894081441259
 50.8 0.07783360887580976 -0.1574788109370021
 50.90000000000001 0.07768421166204686 -0.1571694340355633
 51.00000000000001 0.07753537995208631 -0.156861270262876
 51.1 0.07738711058253342 -0.1565543124981912
 51.2 0.07723940041273733 -0.1562485536764578
 51.3 0.07709224632577022 -0.1559439867874882
 51.40000000000001 0.07694564522697264 -0.1556406048757882
 51.50000000000001 0.07679959404445064 -0.1553384010397929
 51.6 0.07665408972847995 -0.1550373684314821
 51.7 0.07650912925207071 -0.1547375002557879
 51.8 0.076364709609684 -0.1544387897700234
 51.90000000000001 0.07622082781793882 -0.1541412302834932
 52.00000000000001 0.07607748091478489 -0.1538448151571045
 52.1 0.0759346659597776 -0.1535495378024908
 52.2 0.07579238003365035 -0.153255391681814
 52.3 0.07565062023835847 -0.1529623703072998
 52.40000000000001 0.07550938369626345 -0.1526704672407347
 52.50000000000001 0.07536866755061811 -0.1523796760927497
 52.6 0.07522846896543106 -0.1520899905226338
 52.7 0.07508878512468767 -0.1518014042378827
 52.8 0.07494961323250804 -0.1515139109935876
 52.90000000000001 0.07481095051300871 -0.1512275045919735
 53.00000000000001 0.07467279421022074 -0.1509421788821384
 53.1 0.07453514158749486 -0.1506579277594471
 53.2 0.07439798992801458 -0.150374745165146
 53.3 0.07426133653363517 -0.1500926250859932
 53.40000000000001 0.07412517872603103 -0.1498115615536449
 53.50000000000001 0.07398951384524069 -0.1495315486445183
 53.6 0.07385433924999663 -0.1492525804792361
 53.7 0.07371965231837449 -0.1489746512219474
 53.8 0.07358545044591017 -0.1486977550805344
 53.90000000000001 0.07345173104714725 -0.1484218863056194
 54.00000000000001 0.07331849155448389 -0.1481470391904112
 54.1 0.07318572941810922 -0.1478732080704913
 54.2 0.07305344210636766 -0.1476003873229655
 54.3 0.07292162710500483 -0.147328571366504
 54.40000000000001 0.0727902819172466 -0.1470577546608732
 54.50000000000001 0.07265940406403015 -0.1467879317063045
 54.6 0.07252899108291302 -0.1465190970434677
 54.7 0.07239904052919535 -0.1462512452528394
 54.8 0.0722695499744701 -0.1459843709545266
 54.90000000000001 0.0721405170074054 -0.1457184688077793
 55.00000000000001 0.07201193923330657 -0.1454535335106262
 55.1 0.07188381427385043 -0.1451895597997475
 55.2 0.07175613976720752 -0.1449265424498349
 55.3 0.07162891336749658 -0.144664476273324
 55.40000000000001 0.07150213274535239 -0.1444033561201125
 55.50000000000001 0.07137579558661433 -0.1441431768773768
 55.6 0.07124989959374334 -0.1438839334688212
 55.7 0.07112444248434835 -0.1436256208547921
 55.8 0.07099942199188594 -0.1433682340316232
 55.90000000000001 0.07087483586470447 -0.1431117680315111
 56.00000000000001 0.07075068186709788 -0.1428562179220483
 56.1 0.07062695777798922 -0.1426015788061735
 56.2 0.07050366139151656 -0.1423478458215262
 56.3 0.07038079051690493 -0.1420950141402152
 56.40000000000001 0.07025834297761482 -0.1418430789687705
 56.50000000000001 0.07013631661249703 -0.1415920355474835
 56.6 0.07001470927430861 -0.14134187915047
 56.7 0.06989351883032266 -0.1410926050849254
 56.8 0.06977274316247656 -0.1408442086912642
 56.90000000000001 0.06965238016635936 -0.1405966853426675
 57.00000000000001 0.06953242775217602 -0.1403500304446096
 57.1 0.06941288384358957 -0.1401042394349029
 57.2 0.06929374637819288 -0.1398593077832013
 57.3 0.06917501330746734 -0.1396152309908301
 57.40000000000001 0.06905668259634432 -0.1393720045903217
 57.50000000000001 0.06893875222325827 -0.1391296241453833
 57.6 0.06882122018008147 -0.138888085250546
 57.7 0.06870408447196646 -0.1386473835307228
 57.8 0.06858734311682033 -0.1384075146414655
 57.90000000000001 0.06847099414642752 -0.1381684742678052
 58.00000000000001 0.0683550356049151 -0.1379302581248454
 58.1 0.06823946554918925 -0.1376928619572911
 58.2 0.06812428204918913 -0.1374562815388137
 58.3 0.06800948318742311 -0.1372205126722053
 58.40000000000001 0.06789506705870677 -0.1369855511890296
 58.50000000000001 0.06778103177070832 -0.1367513929493199
 58.6 0.06766737544303617 -0.1365180338412264
 58.7 0.06755409620757077 -0.1362854697812082
 58.8 0.06744119220878356 -0.1360536967132283
 58.90000000000001 0.06732866160261106 -0.1358227106089067
 59.00000000000001 0.06721650255703718 -0.1355925074671772
 59.1 0.0671047132520296 -0.1353630833139798
 59.2 0.06699329187938224 -0.1351344342022168
 59.3 0.06688223664249607 -0.1349065562112347
 59.40000000000001 0.06677154575621452 -0.1346794454470354
 59.50000000000001 0.06666121744674486 -0.1344530980414995
 59.6 0.066551249952018 -0.1342275101526847
 59.7 0.06644164152101262 -0.1340026779642409
 59.8 0.06633239041418126 -0.1337785976854645
 59.90000000000001 0.06622349490249196 -0.1335552655509382
 60.00000000000001 0.06611495326866673 -0.1333326778201908
 60.1 0.06600676380596371 -0.13311083077786
 60.2 0.06589892481842341 -0.1328897207331345
 60.3 0.06579143462095391 -0.1326693440197607
 60.40000000000001 0.06568429153946248 -0.1324496969955284
 60.50000000000001 0.06557749390989767 -0.1322307760427609
 60.6 0.06547104007917051 -0.1320125775671129
 60.7 0.06536492840423327 -0.131795097998489
 60.8 0.06525915725295631 -0.1315783337896507
 60.90000000000001 0.06515372500276187 -0.131362281417204
 61.00000000000001 0.06504863004186601 -0.1311469373806496
 61.1 0.06494387076822383 -0.1309322982022452
 61.2 0.06483944559003163 -0.13071836042723
 61.3 0.06473535292540239 -0.13050512062327
 61.40000000000001 0.06463159120236531 -0.1302925753803094
 61.50000000000001 0.06452815885847055 -0.1300807213105745
 61.6 0.06442505434134452 -0.1298695550483408
 61.7 0.06432227610835092 -0.1296590732494593
 61.8 0.06421982262599751 -0.1294492725917266
 61.90000000000001 0.06411769237036724 -0.1292401497742631
 62.00000000000001 0.0640158838274289 -0.1290317015173468
 62.1 0.06391439549210035 -0.1288239245626774
 62.2 0.06381322586868984 -0.1286168156725805
 62.3 0.06371237347069814 -0.1284103716304222
 62.40000000000001 0.06361183682099789 -0.1282045892400364
 62.50000000000001 0.06351161445111175 -0.127999465325853
 62.6 0.06341170490183695 -0.1277949967324218
 62.7 0.0633121067229383 -0.1275911803244392
 62.8 0.06321281847315705 -0.1273880129866589
 62.90000000000001 0.06311383871959908 -0.1271854916237174
 63.00000000000001 0.06301516603867413 -0.1269836131597266
 63.1 0.06291679901505307 -0.1267823745383249
 63.2 0.0628187362420414 -0.126581772722507
 63.3 0.06272097632183804 -0.1263818046946076
 63.40000000000001 0.06262351786467898 -0.1261824674557213
 63.50000000000001 0.06252635948940424 -0.1259837580260316
 63.6 0.06242949982335355 -0.1257856734444236
 63.7 0.06233293750194455 -0.1255882107683551
 63.8 0.0622366711689423 -0.1253913670736729
 63.90000000000001 0.06214069947620304 -0.125195139454626
 64 0.06204502108390959 -0.1249995250236484
 64.09999999999999 0.06194963465972013 -0.1248045209110054
 64.2 0.0618545388799111 -0.124610124265021
 64.3 0.06175973242847019 -0.1244163322516249
 64.39999999999999 0.06166521399712893 -0.1242231420544747
 64.5 0.06157098228541857 -0.1240305508746778
 64.59999999999999 0.06147703600104577 -0.1238385559305388
 64.7 0.06138337385876803 -0.1236471544576256
 64.8 0.06128999458143132 -0.1234563437087073
 64.89999999999999 0.06119689689932561 -0.1232661209532553
 65 0.06110407955029577 -0.1230764834776662
 65.09999999999999 0.06101154127971674 -0.1228874285850022
 65.2 0.06091928084012051 -0.1226989535948207
 65.3 0.06082729699173679 -0.1225110558431436
 65.39999999999999 0.06073558850191017 -0.1223237326823961
 65.5 0.06064415414529997 -0.1221369814807624
 65.59999999999999 0.06055299270369216 -0.1219507996231173
 65.7 0.06046210296605002 -0.1217651845096478
 65.8 0.06037148372848986 -0.1215801335566737
 65.89999999999999 0.06028113379424077 -0.121395644196086
 66 0.06019105197346244 -0.121211713875304
 66.09999999999999 0.06010123708320375 -0.1210283400574133
 66.2 0.06001168794718019 -0.1208455202205286
 66.3 0.05992240339654099 -0.12066325185813
 66.39999999999999 0.05983338226883635 -0.1204815324788113
 66.5 0.05974462340832476 -0.1203003596061259
 66.59999999999999 0.05965612566601741 -0.1201197307785416
 66.7 0.05956788789978233 -0.1199396435491234
 66.8 0.05947990897386221 -0.1197600954857355
 66.89999999999999 0.05939218775927102 -0.1195810841707448
 67 0.05930472313317686 -0.1194026072009258
 67.09999999999999 0.05921751397949948 -0.119224662187529
 67.2 0.05913055918845914 -0.1190472467558107
 67.3 0.05904385765675989 -0.1188703585451642
 67.39999999999999 0.0589574082871802 -0.1186939952091524
 67.5 0.05887120998905016 -0.118518154415203
 67.59999999999999 0.05878526167808895 -0.11834283384431
 67.7 0.05869956227559195 -0.1181680311913687
 67.8 0.0586141107093788 -0.1179937441649949
 67.89999999999999 0.05852890591358187 -0.1178199704870293
 68 0.05844394682829991 -0.1176467078928401
 68.09999999999999 0.05835923239910336 -0.1174739541311045
 68.2 0.0582747615781261 -0.1173017069636341
 68.3 0.05819053332317335 -0.1171299641656128
 68.39999999999999 0.0581065465981761 -0.1169587235248501
 68.5 0.05802280037283968 -0.1167879828422595
 68.59999999999999 0.05793929362258785 -0.1166177399314642
 68.7 0.05785602532853637 -0.1164479926190966
 68.8 0.05777299447763543 -0.1162787387441526
 68.89999999999999 0.05769020006268964 -0.1161099761582157
 69 0.05760764108171031 -0.115941702725509
 69.09999999999999 0.05752531653901495 -0.1157739163223753
 69.2 0.05744322544355812 -0.1156066148375266
 69.3 0.05736136681084919 -0.1154397961718963
 69.39999999999999 0.05727973966119848 -0.1152734582384334
 69.5 0.05719834302048699 -0.1151075989621838
 69.59999999999999 0.05711717592024113 -0.1149422162801193
 69.7 0.05703623739695433 -0.1147773081410158
 69.8 0.05695552649307541 -0.1146128725053091
 69.89999999999999 0.05687504225596494 -0.1144489073452488
 70 0.05679478373800009 -0.1142854106446306
 70.09999999999999 0.05671474999746043 -0.1141223803987306
 70.2 0.05663494009715128 -0.1139598146143101
 70.3 0.05655535310578112 -0.1137977113092523
 70.39999999999999 0.05647598809645971 -0.1136360685130695
 70.5 0.05639684414768262 -0.1134748842660953
 70.59999999999999 0.05631792034316761 -0.1133141566200264
 70.7 0.05623921577124415 -0.1131538836374825
 70.8 0.05616072952603401 -0.112994063391865
 70.89999999999999 0.05608246070553227 -0.1128346939678216
 71 0.05600440841347629 -0.1126757734603327
 71.09999999999999 0.05592657175815248 -0.11251729997554
 71.2 0.05584894985288789 -0.1123592716298023
 71.3 0.05577154181537564 -0.1122016865505983
 71.39999999999999 0.05569434676866614 -0.112044542875266
 71.5 0.05561736384060352 -0.1118878387517629
 71.59999999999999 0.05554059216316176 -0.1117315723387997
 71.7 0.05546403087334835 -0.1115757418047832
 71.8 0.05538767911297851 -0.1114203453287292
 71.89999999999999 0.05531153602827865 -0.1112653810995521
 72 0.05523560077021386 -0.111110847316443
 72.09999999999999 0.05515987249429695 -0.1109567421882901
 72.2 0.05508435036033729 -0.1108030639341468
 72.3 0.05500903353308492 -0.1106498107826664
 72.39999999999999 0.0549339211815381 -0.11049698097265
 72.5 0.05485901247903723 -0.1103445727523942
 72.59999999999999 0.05478430660343983 -0.1101925843798912
 72.7 0.05470980273722149 -0.1100410141226288
 72.8 0.05463550006667439 -0.1098898602576853
 72.89999999999999 0.05456139778305709 -0.1097391210716314
 73 0.054487495081893 -0.1095887948603192
 73.09999999999999 0.0544137911619606 -0.1094388799291087
 73.2 0.05434028522770575 -0.1092893745923571
 73.3 0.05426697648678584 -0.1091402771738052
 73.39999999999999 0.05419386415170174 -0.1089915860064264
 73.5 0.05412094743851188 -0.1088432994319397
 73.59999999999999 0.05404822556806997 -0.1086954158012583
 73.7 0.05397569776488957 -0.1085479334743947
 73.8 0.05390336325738962 -0.1084008508200181
 73.89999999999999 0.05383122127883816 -0.1082541662157889
 74 0.05375927106543835 -0.1081078780479075
 74.09999999999999 0.05368751185858604 -0.1079619847115454
 74.2 0.05361594290243643 -0.1078164846103814
 74.3 0.05354456344630502 -0.1076713761567485
 74.39999999999999 0.05347337274256656 -0.1075266577714618
 74.5 0.0534023700478458 -0.1073823278838787
 74.59999999999999 0.0533315546222911 -0.1072383849316508
 74.7 0.05326092573072147 -0.1070948273610225
 74.8 0.05319048264087452 -0.1069516536262996
 74.89999999999999 0.05312022462465936 -0.1068088621901887
 75 0.0530501509579296 -0.1066664515235019
 75.09999999999999 0.05298026092007371 -0.1065244201053907
 75.2 0.052910553794179 -0.1063827664228779
 75.3 0.05284102886735581 -0.1062414889709618
 75.39999999999999 0.05277168542972056 -0.1061005862530293
 75.5 0.05270252277579925 -0.1059600567800313
 75.59999999999999 0.05263354020354355 -0.1058198990705649
 75.7 0.05256473701405399 -0.1056801116519559
 75.8 0.05249611251262655 -0.1055406930584
 75.89999999999999 0.05242766600788112 -0.1054016418321845
 76 0.05235939681192191 -0.1052629565231898
 76.09999999999999 0.05229130424033317 -0.105124635689046
 76.2 0.05222338761240586 -0.1049866778948056
 76.3 0.05215564625074443 -0.1048490817131263
 76.39999999999999 0.05208807948133901 -0.1047118457241869
 76.5 0.05202068663364957 -0.1045749685154104
 76.59999999999999 0.05195346704104208 -0.1044384486817882
 76.7 0.05188642003952613 -0.1043022848253695
 76.8 0.05181954496888201 -0.104166475555921
 76.90000000000001 0.05175284117183375 -0.1040310194901404
 77 0.0516863079952149 -0.1038959152518619
 77.09999999999999 0.05161994478839853 -0.1037611614720988
 77.2 0.05155375090430309 -0.1036267567893035
 77.3 0.05148772569937501 -0.103492699848384
 77.40000000000001 0.05142186853306888 -0.1033589893016446
 77.5 0.05135617876760074 -0.1032256238083751
 77.59999999999999 0.05129065576928743 -0.1030926020343783
 77.7 0.05122529890719023 -0.1029599226528441
 77.8 0.05116010755331273 -0.1028275843435017
 77.90000000000001 0.0510950810830421 -0.1026955857928323
 78 0.05103021887498038 -0.1025639256942031
 78.09999999999999 0.05096552031058638 -0.1024326027474247
 78.2 0.05090098477474114 -0.1023016156592416
 78.3 0.05083661165476577 -0.1021709631429358
 78.40000000000001 0.05077240034168867 -0.1020406439181145
 78.5 0.05070835022948915 -0.1019106567112378
 78.59999999999999 0.0506444607147966 -0.1017810002551545
 78.7 0.05058073119736936 -0.1016516732890268
 78.8 0.05051716107994238 -0.1015226745584583
 78.90000000000001 0.05045374976850385 -0.1013940028153692
 79 0.05039049667144462 -0.1012656568183415
 79.09999999999999 0.05032740120049647 -0.1011376353317759
 79.2 0.05026446277009002 -0.1010099371264529
 79.3 0.05020168079757376 -0.1008825609795713
 79.40000000000001 0.05013905470300473 -0.1007555056742626
 79.5 0.05007658390985903 -0.1006287699997292
 79.59999999999999 0.0500142678437412 -0.1005023527516728
 79.7 0.04995210593356812 -0.1003762527311923
 79.8 0.04989009761049193 -0.1002504687458072
 79.90000000000001 0.04982824230904311 -0.1001249996091508
 80 0.04976653946626106 -0.09999984414033616
 80.09999999999999 0.0497049885216478 -0.09987500116487798
 80.2 0.04964358891843555 -0.09975046951352699
 80.3 0.04958234010108259 -0.09962624802359724
 80.40000000000001 0.04952124151789265 -0.09950233553749542
 80.5 0.04946029261931649 -0.09937873090391204
 80.59999999999999 0.04939949285880736 -0.09925543297683957
 80.7 0.04933884169201018 -0.09913244061632061
 80.8 0.04927833857763605 -0.09900975268777526
 80.90000000000001 0.0492179829770872 -0.09888736806214711
 81 0.04915777435327455 -0.09876528561651911
 81.09999999999999 0.04909771217363287 -0.0986435042327159
 81.2 0.04903779590610145 -0.09852202279879731
 81.3 0.04897802502267611 -0.09840084020765373
 81.40000000000001 0.04891839899722694 -0.09827995535819964
 81.5 0.04885891730635143 -0.09815936715436842
 81.59999999999999 0.04879957942902834 -0.09803907450566031
 81.7 0.04874038484636864 -0.09791907632679972
 81.8 0.04868133304293948 -0.09779937153779228
 81.90000000000001 0.04862242350506625 -0.09767995906396006
 82 0.048563655721377 -0.09756083783595576
 82.09999999999999 0.04850502918360189 -0.09744200678954931
 82.2 0.0484465433848796 -0.09732346486582143
 82.3 0.04838819782200952 -0.09720521101070444
 82.40000000000001 0.04832999199328189 -0.09708724417558151
 82.5 0.04827192539965179 -0.0969695633166416
 82.59999999999999 0.04821399754445681 -0.0968521673954227
 82.7 0.04815620793301348 -0.09673505537830893
 82.8 0.04809855607375171 -0.09661822623647262
 82.90000000000001 0.04804104147659889 -0.09650167894636989
 83 0.04798366365421967 -0.09638541248953615
 83.09999999999999 0.04792642212174651 -0.09626942585177407
 83.2 0.04786931639636152 -0.09615371802440209
 83.3 0.04781234599723772 -0.09603828800318101
 83.40000000000001 0.04775551044590041 -0.09592313478901572
 83.5 0.04769880926690746 -0.09580825738726235
 83.59999999999999 0.04764224198582222 -0.09569365480822258
 83.7 0.04758580813155502 -0.09557932606687297
 83.8 0.04752950723424673 -0.09546527018299589
 83.90000000000001 0.04747333882684808 -0.09535148618082041
 84 0.047417302444311 -0.09523797308958645
 84.09999999999999 0.04736139762372993 -0.09512472994269849
 84.2 0.04730562390441582 -0.09501175577849887
 84.3 0.04724998082771568 -0.09489904963984157
 84.40000000000001 0.04719446793696679 -0.09478661057396963
 84.5 0.04713908477826931 -0.09467443763267069
 84.59999999999999 0.04708383089908186 -0.0945625298723537
 84.7 0.04702870584892338 -0.09445088635378696
 84.8 0.04697370918042745 -0.09433950614205619
 84.90000000000001 0.04691884044712753 -0.09422838830689144
 85 0.04686409920498504 -0.09411753192241777
 85.09999999999999 0.04680948501249071 -0.09400693606654678
 85.2 0.0467549974294471 -0.09389659982239044
 85.3 0.04670063601784616 -0.09378652227663029
 85.40000000000001 0.04664640034225867 -0.09367670252066709
 85.5 0.04659228996836927 -0.09356713964997994
 85.59999999999999 0.04653830446442697 -0.09345783276429034
 85.7 0.04648444340067281 -0.09334878096736576
 85.8 0.04643070634910874 -0.0932399833675721
 85.90000000000001 0.04637709288343897 -0.09313143907697205
 86 0.04632360258013907 -0.09302314721201793
 86.09999999999999 0.04627023501667266 -0.09291510689319626
 86.2 0.0462169897730897 -0.09280731724508799
 86.3 0.04616386643097949 -0.09269977739617095
 86.40000000000001 0.04611086457410853 -0.09259248647924635
 86.5 0.04605798378753453 -0.09248544363104808
 86.59999999999999 0.04600522365891621 -0.09237864799211887
 86.7 0.04595258377740223 -0.09227209870714946
 86.8 0.04590006373411989 -0.09216579492466986
 86.90000000000001 0.04584766312201864 -0.09205973579723477
 87 0.04579538153582328 -0.09195392048111782
 87.09999999999999 0.04574321857212003 -0.09184834813665811
 87.2 0.04569117382928302 -0.09174301792782395
 87.3 0.04563924690759225 -0.09163792902268889
 87.40000000000001 0.04558743740879911 -0.09153308059304338
 87.5 0.045535744937015 -0.09142847181429421
 87.59999999999999 0.04548416909749213 -0.0913241018657681
 87.7 0.04543270949766259 -0.09121996993049047
 87.8 0.04538136574648105 -0.09111607519530548
 87.90000000000001 0.04533013745499656 -0.09101241685063213
 88 0.04527902423594837 -0.09090899409042333
 88.09999999999999 0.04522802570265656 -0.09080580611290688
 88.2 0.04517714147234987 -0.09070285211908592
 88.3 0.04512637116153344 -0.09060013131418627
 88.40000000000001 0.04507571439026782 -0.09049764290690547
 88.5 0.04502517077972694 -0.09039538610945662
 88.59999999999999 0.04497473995228522 -0.09029336013754059
 88.7 0.04492442153248152 -0.09019156421060867
 88.8 0.0448742151464615 -0.09008999755144412
 88.90000000000001 0.04482412042193767 -0.08998865938617295
 89 0.04477413698814818 -0.08988754894497671
 89.09999999999999 0.0447242644760957 -0.08978666546090988
 89.2 0.04467450251867384 -0.08968600817064422
 89.3 0.04462485074985381 -0.08958557631446035
 89.40000000000001 0.0445753088054824 -0.08948536913575171
 89.5 0.04452587632319177 -0.08938538588141667
 89.59999999999999 0.04447655294175286 -0.08928562580183629
 89.7 0.04442733830174385 -0.08918608815065739
 89.8 0.04437823204575544 -0.08908677218450822
 89.90000000000001 0.04432923381716136 -0.08898767716397341
 90 0.04428034326138296 -0.0888888023524073
 90.09999999999999 0.04423156002508594 -0.08879014701667015
 90.2 0.04418288375669661 -0.08869171042680861
 90.3 0.0441343141063605 -0.08859349185611408
 90.40000000000001 0.04408585072544279 -0.08849549058093557
 90.5 0.04403749326638097 -0.08839770588123173
 90.59999999999999 0.04398924138430577 -0.08830013703966763
 90.7 0.04394109473476862 -0.08820278334234036
 90.8 0.04389305297515698 -0.08810564407852291
 90.90000000000001 0.04384511576459715 -0.08800871854031697
 91 0.04379728276289037 -0.08791200602348308
 91.09999999999999 0.0437495536325986 -0.0878155058262995
 91.2 0.04370192803696181 -0.08771921725028421
 91.3 0.04365440564019557 -0.08762313960024998
 91.40000000000001 0.04360698610878011 -0.08752727218385281
 91.5 0.04355966911009344 -0.08743161431181821
 91.59999999999999 0.04351245431356712 -0.08733616529790286
 91.7 0.04346534138944562 -0.08724092445874405
 91.8 0.04341833000951681 -0.08714589111418047
 91.90000000000001 0.04337141984733676 -0.0870510645867235
 92 0.04332461057714121 -0.08695644420208637
 92.09999999999999 0.04327790187543167 -0.08686202928881072
 92.2 0.04323129341923276 -0.08676781917810977
 92.3 0.04318478488764185 -0.08667381320470582
 92.40000000000001 0.04313837596056168 -0.08658001070558498
 92.5 0.04309206631990638 -0.08648641102083342
 92.59999999999999 0.04304585564797783 -0.0863930134936863
 92.7 0.04299974362945516 -0.08629981746952828
 92.8 0.04295372994985493 -0.08620682229720621
 92.90000000000001 0.04290781429596269 -0.08611402732807619
 93 0.04286199635609039 -0.08602143191616315
 93.09999999999999 0.04281627581943771 -0.08592903541878059
 93.2 0.04277065237696895 -0.08583683719543736
 93.3 0.04272512572143659 -0.08574483660850087
 93.40000000000001 0.04267969554537379 -0.08565303302339294
 93.5 0.04263436154415869 -0.08556142580792457
 93.59999999999999 0.04258912341333551 -0.08547001433280291
 93.7 0.04254398085039302 -0.0853787979712487
 93.8 0.04249893355406589 -0.08528777609920221
 93.90000000000001 0.04245398122382614 -0.08519694809538304
 94 0.04240912356073676 -0.0851063133410779
 94.09999999999999 0.04236436026752262 -0.08501587122013358
 94.2 0.04231969104725816 -0.08492562111925253
 94.3 0.04227511560504485 -0.08483556242729332
 94.40000000000001 0.04223063364703938 -0.08474569453613634
 94.5 0.04218624487992031 -0.08465601684000007
 94.59999999999999 0.04214194901254376 -0.08456652873582193
 94.7 0.04209774575462581 -0.08447722962302297
 94.8 0.04205363481708196 -0.08438811890340669
 94.90000000000001 0.04200961591146091 -0.08429919598164992
 95 0.04196568875153395 -0.08421046026445422
 95.09999999999999 0.04192185305192081 -0.08412191116144302
 95.2 0.04187810852771974 -0.08403354808442658
 95.3 0.04183445489608556 -0.08394537044794145
 95.40000000000001 0.04179089187467581 -0.08385737766893116
 95.5 0.04174741918316421 -0.0837695691664328
 95.59999999999999 0.04170403654143814 -0.08368194436229884
 95.7 0.04166074367080104 -0.08359450268071338
 95.8 0.04161754029417745 -0.08350724354829107
 95.90000000000001 0.04157442613505911 -0.08342016639387974
 96 0.04153140091831836 -0.08333327064895507
 96.09999999999999 0.04148846437034362 -0.08324655574694366
 96.2 0.04144561621781898 -0.0831600211240606
 96.3 0.04140285618878103 -0.08307366621880595
 96.40000000000001 0.0413601840129979 -0.08298749047170992
 96.5 0.04131759942056604 -0.08290149332588101
 96.59999999999999 0.04127510214343984 -0.08281567422654011
 96.7 0.0412326919135305 -0.08273003262173032
 96.8 0.04119036846522528 -0.08264456796085762
 96.90000000000001 0.04114813153343376 -0.08255927969635457
 97 0.04110598085297636 -0.08247416728276451
 97.09999999999999 0.04106391616183087 -0.08238923017673043
 97.2 0.041021937197534 -0.08230446783711232
 97.3 0.04098004369909913 -0.0822198797251118
 97.40000000000001 0.0409382354071383 -0.08213546530398363
 97.5 0.04089651206200329 -0.0820512240395794
 97.59999999999999 0.0408548734064311 -0.08196715539950586
 97.7 0.04081331918375153 -0.08188325885355723
 97.8 0.04077184913792901 -0.08179953387405998
 97.90000000000001 0.04073046301436065 -0.0817159799351722
 98 0.04068916055963817 -0.08163259651335709
 98.09999999999999 0.04064794152056456 -0.08154938308723197
 98.2 0.04060680564614973 -0.0814663391373194
 98.3 0.0405657526852468 -0.08138346414648349
 98.40000000000001 0.04052478238828844 -0.0813007575996092
 98.5 0.04048389450681472 -0.08121821898364809
 98.59999999999999 0.04044308879331508 -0.08113584778770799
 98.7 0.0404023650008002 -0.08105364350291142
 98.8 0.04036172288386712 -0.08097160562243406
 98.90000000000001 0.04032116219757996 -0.08088973364144063
 99 0.04028068269843385 -0.08080802705731759
 99.09999999999999 0.04024028414374967 -0.08072648536930084
 99.2 0.04019996629131574 -0.08064510807893238
 99.3 0.04015972890085751 -0.08056389468921621
 99.40000000000001 0.04011957173207531 -0.08048284470566575
 99.5 0.04007949454626496 -0.08040195763565168
 99.59999999999999 0.04003949710524581 -0.08032123298846215
 99.7 0.03999957917239429 -0.08024067027511871
 99.8 0.039959740511152 -0.08016026900925596
 99.90000000000001 0.03991998088660888 -0.08008002870571905
 100 0.0398803000643535 -0.07999994888191209


