# Created by Octave 4.0.3, Sun Aug 13 02:39:22 2017 CEST <timo@timo-Lenovo-ideapad-100-14IBY>
# name: ediff
# type: matrix
# rows: 1500
# columns: 2
 0 1.77635683940025e-15
 0.01000667111407605 0.005003312072633825
 0.0200133422281521 0.01000648323975639
 0.03002001334222815 0.01500937260023649
 0.0400266844563042 0.02001183926178118
 0.05003335557038025 0.0250137423453527
 0.06004002668445631 0.03001494098955337
 0.07004669779853236 0.03501529435510475
 0.08005336891260841 0.04001466162923917
 0.09006004002668445 0.04501290203021213
 0.1000667111407605 0.0500098748117499
 0.1100733822548366 0.05500543926753165
 0.1200800533689126 0.05999945473573476
 0.1300867244829887 0.06499178060355204
 0.1400933955970647 0.06998227631174547
 0.1501000667111408 0.07497080135925804
 0.1601067378252168 0.07995721530781763
 0.1701134089392929 0.08494137778659905
 0.1801200800533689 0.08992314849688698
 0.190126751167445 0.09490238721682909
 0.200133422281521 0.09987895380617484
 0.2101400933955971 0.1048527082110868
 0.2201467645096731 0.1098235104689653
 0.2301534356237492 0.1147912207133661
 0.2401601067378252 0.1197556991789099
 0.2501667778519013 0.1247168062062847
 0.2601734489659773 0.1296744022472658
 0.2701801200800534 0.1346283478698105
 0.2801867911941294 0.1395785037632131
 0.2901934623082055 0.1445247307432749
 0.3002001334222815 0.1494668897575893
 0.3102068045363576 0.1544048418908557
 0.3202134756504336 0.1593384483702538
 0.3302201467645097 0.1642675705709005
 0.3402268178785857 0.1691920700213463
 0.3502334889926618 0.174111808409172
 0.3602401601067378 0.1790266475866229
 0.3702468312208139 0.1839364495763434
 0.3802535023348899 0.188841076577162
 0.390260173448966 0.193740390969968
 0.400266844563042 0.1986342553236389
 0.4102735156771181 0.2035225324010788
 0.4202801867911941 0.2084050851652952
 0.4302868579052702 0.2132817767856223
 0.4402935290193462 0.2181524706439419
 0.4503002001334223 0.2230170303410235
 0.4603068712474983 0.2278753197030059
 0.4703135423615744 0.2327272027878502
 0.4803202134756505 0.237572543891972
 0.4903268845897265 0.2424112075569176
 0.5003335557038026 0.2472430585761662
 0.5103402268178786 0.2520679620019521
 0.5203468979319547 0.2568857831522577
 0.5303535690460307 0.26169638761785
 0.5403602401601068 0.266499641269407
 0.5503669112741828 0.2712954102647656
 0.5603735823882589 0.27608356105624
 0.5703802535023349 0.2808639603980536
 0.5803869246164109 0.2856364753538312
 0.590393595730487 0.2904009733042265
 0.600400266844563 0.2951573219546226
 0.6104069379586391 0.2999053893429089
 0.6204136090727151 0.3046450438474211
 0.6304202801867912 0.3093761541948981
 0.6404269513008672 0.3140985894685921
 0.6504336224149433 0.3188122191164271
 0.6604402935290193 0.3235169129592861
 0.6704469646430954 0.3282125411994286
 0.6804536357571714 0.3328989744289013
 0.6904603068712475 0.3375760836381452
 0.7004669779853235 0.3422437402246272
 0.7104736490993996 0.3469018160016528
 0.7204803202134756 0.3515501832071344
 0.7304869913275517 0.3561887145126179
 0.7404936624416277 0.3608172830322736
 0.7505003335557038 0.3654357623320337
 0.7605070046697798 0.3700440264388023
 0.7705136757838559 0.3746419498498068
 0.7805203468979319 0.3792294075419433
 0.790527018012008 0.3838062749812878
 0.800533689126084 0.3883724281326955
 0.8105403602401601 0.3929277434694058
 0.8205470313542361 0.3974720979828366
 0.8305537024683122 0.4020053691923682
 0.8405603735823882 0.4065274351552861
 0.8505670446964643 0.4110381744767331
 0.8605737158105403 0.4155374663197957
 0.8705803869246164 0.4200251904156347
 0.8805870580386924 0.424501227073677
 0.8905937291527685 0.4289654571919548
 0.9006004002668445 0.4334177622673612
 0.9106070713809206 0.43785802440618
 0.9206137424949966 0.4422861263344813
 0.9306204136090727 0.4467019514087149
 0.9406270847231487 0.4511053836262948
 0.9506337558372248 0.4554963076362708
 0.9606404269513009 0.4598746087500425
 0.970647098065377 0.4642401729521408
 0.980653769179453 0.4685928869109914
 0.9906604402935291 0.4729326379898744
 1.000667111407605 0.4772593142577226
 1.010673782521681 0.4815728045001522
 1.020680453635757 0.4858729982303842
 1.030687124749833 0.4901597857002988
 1.040693795863909 0.4944330579114515
 1.050700466977985 0.498692706626171
 1.060707138092061 0.5029386243786083
 1.070713809206137 0.5071707044859091
 1.080720480320214 0.5113888410592637
 1.09072715143429 0.5155929290151158
 1.100733822548366 0.5197828640862636
 1.110740493662442 0.5239585428330256
 1.120747164776518 0.5281198626543917
 1.130753835890594 0.532266721799127
 1.14076050700467 0.5363990193769661
 1.150767178118746 0.5405166553697125
 1.160773849232822 0.5446195306422901
 1.170780520346898 0.5487075469539122
 1.180787191460974 0.5527806069690651
 1.19079386257505 0.5568386142685706
 1.200800533689126 0.560881473360566
 1.210807204803202 0.564909089691457
 1.220813875917278 0.5689213696568038
 1.230820547031354 0.5729182206122068
 1.24082721814543 0.5768995508840824
 1.250833889259506 0.5808652697804266
 1.260840560373582 0.5848152876014732
 1.270847231487658 0.5887495156503486
 1.280853902601734 0.5926678662435294
 1.290860573715811 0.5965702527213974
 1.300867244829887 0.6004565894585547
 1.310873915943963 0.6043267918741302
 1.320880587058039 0.608180776441992
 1.330887258172115 0.6120184607008086
 1.340893929286191 0.6158397632640877
 1.350900600400267 0.6196446038300372
 1.360907271514343 0.623432903191353
 1.370913942628419 0.6272045832448678
 1.380920613742495 0.6309595670010952
 1.390927284856571 0.6346977785936305
 1.400933955970647 0.638419143288445
 1.410940627084723 0.6421235874929683
 1.420947298198799 0.6458110387651574
 1.430953969312875 0.6494814258222923
 1.440960640426951 0.6531346785496881
 1.450967311541027 0.6567707280092323
 1.460973982655103 0.6603895064477485
 1.470980653769179 0.6639909473052534
 1.480987324883255 0.6675749852229194
 1.490993995997332 0.6711415560509937
 1.501000667111408 0.6746905968564794
 1.511007338225484 0.6782220459305792
 1.52101400933956 0.681735842796082
 1.531020680453636 0.6852319282144088
 1.541027351567712 0.688710244192571
 1.551034022681788 0.6921707339898497
 1.561040693795864 0.6956133421243207
 1.57104736490994 0.6990380143791692
 1.581054036024016 0.7024446978087173
 1.591060707138092 0.7058333407443476
 1.601067378252168 0.7092038928000943
 1.611074049366244 0.7125563048780719
 1.62108072048032 0.715890529173679
 1.631087391594396 0.7192065191805317
 1.641094062708472 0.7225042296951418
 1.651100733822548 0.7257836168214666
 1.661107404936624 0.7290446379750604
 1.6711140760507 0.7322872518871284
 1.681120747164776 0.7355114186081937
 1.691127418278852 0.7387170995116334
 1.701134089392929 0.7419042572968944
 1.711140760507005 0.7450728559924138
 1.721147431621081 0.7482228609584149
 1.731154102735157 0.7513542388892853
 1.741160773849233 0.7544669578157888
 1.751167444963309 0.7575609871069839
 1.761174116077385 0.7606362974718728
 1.771180787191461 0.7636928609607851
 1.781187458305537 0.7667306509664642
 1.791194129419613 0.769749642224935
 1.801200800533689 0.7727498108160251
 1.811207471647765 0.7757311341637187
 1.821214142761841 0.778693591036089
 1.831220813875917 0.7816371615450839
 1.841227484989993 0.7845618271459602
 1.851234156104069 0.7874675706364656
 1.861240827218145 0.7903543761557339
 1.871247498332221 0.7932222291829127
 1.881254169446297 0.7960711165354946
 1.891260840560373 0.7989010263673868
 1.90126751167445 0.8017119481667048
 1.911274182788526 0.8045038727532252
 1.921280853902602 0.8072767922757049
 1.931287525016678 0.8100307002087481
 1.941294196130754 0.8127655913495224
 1.95130086724483 0.815481461814143
 1.961307538358906 0.8181783090338248
 1.971314209472982 0.8208561317507064
 1.981320880587058 0.8235149300134514
 1.991327551701134 0.8261547051725335
 2.00133422281521 0.8287754598753523
 2.011340893929286 0.8313771980609461
 2.021347565043362 0.8339599249545073
 2.031354236157438 0.836523647061711
 2.041360907271514 0.8390683721626306
 2.05136757838559 0.8415941093055379
 2.061374249499667 0.8441008688003471
 2.071380920613743 0.8465886622119176
 2.081387591727819 0.8490575023529421
 2.091394262841895 0.8515074032767924
 2.101400933955971 0.8539383802699538
 2.111407605070047 0.8563504498443095
 2.121414276184123 0.8587436297292002
 2.131420947298199 0.8611179388631713
 2.141427618412275 0.8634733973855797
 2.151434289526351 0.8658100266279192
 2.161440960640427 0.8681278491049462
 2.171447631754503 0.8704268885056163
 2.181454302868579 0.872707169683737
 2.191460973982655 0.8749687186484894
 2.201467645096731 0.8772115625547072
 2.211474316210807 0.8794357296929489
 2.221480987324883 0.8816412494793944
 2.231487658438959 0.8838281524455744
 2.241494329553035 0.8859964702278029
 2.251501000667111 0.8881462355566063
 2.261507671781188 0.8902774822458368
 2.271514342895264 0.8923902451816212
 2.28152101400934 0.8944845603112503
 2.291527685123416 0.8965604646317589
 2.301534356237492 0.8986179961784957
 2.311541027351568 0.9006571940133874
 2.321547698465644 0.9026780982132254
 2.33155436957972 0.9046807498576657
 2.341561040693796 0.9066651910171313
 2.351567711807872 0.9086314647406575
 2.361574382921948 0.9105796150435321
 2.371581054036024 0.9125096868947995
 2.3815877251501 0.9144217262047389
 2.391594396264176 0.9163157798121264
 2.401601067378252 0.9181918954714852
 2.411607738492328 0.9200501218401733
 2.421614409606404 0.9218905084653819
 2.43162108072048 0.9237131057710852
 2.441627751834556 0.9255179650448466
 2.451634422948632 0.9273051384246214
 2.461641094062708 0.9290746788853839
 2.471647765176785 0.9308266402257883
 2.481654436290861 0.932561077054701
 2.491661107404937 0.9342780447777081
 2.501667778519013 0.935977599583508
 2.511674449633089 0.9376597984303883
 2.521681120747165 0.9393246990324966
 2.531687791861241 0.9409723598461799
 2.541694462975317 0.9426028400562694
 2.551701134089393 0.9442161995623335
 2.561707805203469 0.9458124989648746
 2.571714476317545 0.9473917995515735
 2.581721147431621 0.9489541632834648
 2.591727818545697 0.9504996527811476
 2.601734489659773 0.9520283313109028
 2.611741160773849 0.9535402627709868
 2.621747831887925 0.955035511677732
 2.631754503002001 0.956514143151745
 2.641761174116077 0.9579762229042026
 2.651767845230153 0.9594218172230067
 2.661774516344229 0.9608509929590585
 2.671781187458306 0.9622638175125757
 2.681787858572382 0.9636603588193726
 2.691794529686458 0.9650406853372384
 2.701801200800534 0.9664048660323146
 2.71180787191461 0.9677529703655097
 2.721814543028686 0.9690850682790653
 2.731821214142762 0.9704012301829557
 2.741827885256838 0.9717015269416489
 2.751834556370914 0.9729860298606015
 2.76184122748499 0.9742548106730653
 2.771847898599066 0.9755079415268619
 2.781854569713142 0.9767454949711758
 2.791861240827218 0.9779675439435502
 2.801867911941294 0.9791741617568224
 2.81187458305537 0.9803654220862579
 2.821881254169446 0.9815413989566573
 2.831887925283522 0.9827021667296427
 2.841894596397598 0.9838478000909801
 2.851901267511674 0.984978374038012
 2.86190793862575 0.9860939638671491
 2.871914609739826 0.9871946451615283
 2.881921280853903 0.988280493778678
 2.891927951967979 0.9893515858383954
 2.901934623082055 0.9904079977106153
 2.911941294196131 0.9914498060034429
 2.921947965310207 0.9924770875513118
 2.931954636424283 0.9934899194032172
 2.941961307538359 0.9944883788110692
 2.951967978652435 0.9954725432181641
 2.961974649766511 0.9964424902477651
 2.971981320880587 0.9973982976918065
 2.981987991994663 0.9983400434997602
 2.991994663108739 0.9992678057675197
 3.002001334222815 1.000181662726468
 3.012008005336891 1.00108169273274
 3.022014676450967 1.001967974256478
 3.032021347565043 1.002840585871272
 3.042028018679119 1.003699606243749
 3.052034689793195 1.004545114123288
 3.062041360907271 1.00537718833182
 3.072048032021347 1.006195907753793
 3.082054703135424 1.007001351326261
 3.0920613742495 1.007793598029128
 3.102068045363576 1.008572726875491
 3.112074716477652 1.009338816902109
 3.122081387591728 1.010091947160059
 3.132088058705804 1.010832196705469
 3.14209472981988 1.011559644590436
 3.152101400933956 1.012274369854022
 3.162108072048032 1.012976451513454
 3.172114743162108 1.013665968555391
 3.182121414276184 1.014342999927415
 3.19212808539026 1.015007624529523
 3.202134756504336 1.015659921205906
 3.212141427618412 1.016299968736728
 3.222148098732488 1.016927845830207
 3.232154769846564 1.017543631114634
 3.24216144096064 1.018147403130668
 3.252168112074716 1.018739240323714
 3.262174783188792 1.01931922103649
 3.272181454302868 1.019887423501624
 3.282188125416944 1.020443925834478
 3.292194796531021 1.020988806026089
 3.302201467645097 1.021522141936178
 3.312208138759173 1.022044011286461
 3.322214809873249 1.022554491653822
 3.332221480987325 1.023053660463889
 3.342228152101401 1.0235415949846
 3.352234823215477 1.02401837231987
 3.362241494329553 1.024484069403522
 3.372248165443629 1.024938762993227
 3.382254836557705 1.025382529664618
 3.392261507671781 1.02581544580554
 3.402268178785857 1.026237587610371
 3.412274849899933 1.026649031074587
 3.422281521014009 1.027049851989315
 3.432288192128085 1.027440125936086
 3.442294863242161 1.027819928281721
 3.452301534356237 1.028189334173308
 3.462308205470313 1.02854841853325
 3.472314876584389 1.028897256054597
 3.482321547698465 1.029235921196275
 3.492328218812542 1.029564488178647
 3.502334889926618 1.029883030979049
 3.512341561040694 1.030191623327434
 3.52234823215477 1.030490338702288
 3.532354903268846 1.030779250326457
 3.542361574382922 1.031058431163221
 3.552368245496998 1.031327953912472
 3.562374916611074 1.031587891006851
 3.57238158772515 1.031838314608275
 3.582388258839226 1.032079296604274
 3.592394929953302 1.032310908604631
 3.602401601067378 1.032533221938004
 3.612408272181454 1.032746307648803
 3.62241494329553 1.032950236494018
 3.632421614409606 1.033145078940168
 3.642428285523682 1.033330905160452
 3.652434956637758 1.033507785031926
 3.662441627751834 1.033675788132739
 3.67244829886591 1.033834983739558
 3.682454969979986 1.033985440825008
 3.692461641094062 1.034127228055258
 3.702468312208139 1.034260413787639
 3.712474983322215 1.034385066068434
 3.722481654436291 1.034501252630727
 3.732488325550367 1.034609040892212
 3.742494996664443 1.03470849795337
 3.752501667778519 1.034799690595435
 3.762508338892595 1.034882685278577
 3.772515010006671 1.034957548140317
 3.782521681120747 1.035024344993608
 3.792528352234823 1.035083141325488
 3.802535023348899 1.035134002295492
 3.812541694462975 1.035176992734199
 3.822548365577051 1.035212177141923
 3.832555036691127 1.035239619687434
 3.842561707805204 1.035259384206798
 3.85256837891928 1.035271534202152
 3.862575050033356 1.035276132840776
 3.872581721147432 1.035273242953986
 3.882588392261508 1.035262927036308
 3.892595063375584 1.035245247244577
 3.90260173448966 1.035220265397205
 3.912608405603736 1.035188042973391
 3.922615076717812 1.035148641112525
 3.932621747831888 1.035102120613555
 3.942628418945964 1.035048541934491
 3.95263509006004 1.034987965191923
 3.962641761174116 1.03492045016058
 3.972648432288192 1.034846056273013
 3.982655103402268 1.034764842619264
 3.992661774516344 1.03467686794664
 4.00266844563042 1.034582190659549
 4.012675116744497 1.034480868819308
 4.022681787858573 1.034372960144103
 4.032688458972649 1.034258522008902
 4.042695130086725 1.034137611445579
 4.052701801200801 1.034010285142873
 4.062708472314877 1.033876599446542
 4.072715143428953 1.033736610359491
 4.082721814543029 1.033590373542058
 4.092728485657105 1.033437944312177
 4.102735156771181 1.033279377645721
 4.112741827885257 1.033114728176796
 4.122748498999333 1.032944050198201
 4.132755170113409 1.032767397661706
 4.142761841227485 1.032584824178701
 4.152768512341561 1.0323963830205
 4.162775183455637 1.032202127118984
 4.172781854569713 1.032002109067131
 4.182788525683789 1.031796381119733
 4.192795196797865 1.031584995193803
 4.202801867911941 1.031368002869488
 4.212808539026017 1.031145455390653
 4.222815210140094 1.030917403665654
 4.23282188125417 1.030683898268107
 4.242828552368246 1.030444989437705
 4.252835223482322 1.030200727081028
 4.262841894596398 1.029951160772409
 4.272848565710474 1.029696339754828
 4.28285523682455 1.029436312940895
 4.292861907938626 1.029171128913627
 4.302868579052702 1.028900835927619
 4.312875250166778 1.028625481909893
 4.322881921280854 1.028345114460984
 4.33288859239493 1.028059780855993
 4.342895263509006 1.027769528045594
 4.352901934623082 1.027474402657159
 4.362908605737158 1.027174450995926
 4.372915276851234 1.026869719045993
 4.38292194796531 1.026560252471602
 4.392928619079386 1.026246096618214
 4.402935290193462 1.025927296513801
 4.412941961307538 1.025603896869951
 4.422948632421615 1.025275942083136
 4.432955303535691 1.024943476235961
 4.442961974649767 1.024606543098424
 4.452968645763843 1.024265186129195
 4.462975316877919 1.023919448476828
 4.472981987991995 1.023569372981247
 4.482988659106071 1.023215002174838
 4.492995330220147 1.022856378283961
 4.503002001334223 1.022493543230179
 4.513008672448299 1.022126538631701
 4.523015343562375 1.021755405804704
 4.533022014676451 1.02138018576471
 4.543028685790527 1.021000919228013
 4.553035356904603 1.020617646613044
 4.563042028018679 1.020230408041778
 4.573048699132755 1.01983924334122
 4.583055370246831 1.019444192044781
 4.593062041360907 1.019045293393728
 4.603068712474983 1.018642586338614
 4.613075383589059 1.018236109540744
 4.623082054703135 1.017825901373723
 4.633088725817212 1.017411999924736
 4.643095396931288 1.016994442996213
 4.653102068045364 1.016573268107243
 4.66310873915944 1.016148512494992
 4.673115410273516 1.015720213116321
 4.683122081387592 1.015288406649157
 4.693128752501668 1.014853129494091
 4.703135423615744 1.014414417775895
 4.71314209472982 1.013972307344924
 4.723148765843896 1.013526833778734
 4.733155436957972 1.013078032383541
 4.743162108072048 1.012625938195781
 4.753168779186124 1.012170585983625
 4.7631754503002 1.011712010248422
 4.773182121414276 1.011250245226416
 4.783188792528352 1.010785324890065
 4.793195463642428 1.010317282949699
 4.803202134756504 1.009846152855009
 4.81320880587058 1.009371967796584
 4.823215476984656 1.008894760707441
 4.833222148098733 1.008414564264571
 4.843228819212809 1.007931410890476
 4.853235490326885 1.007445332754659
 4.863242161440961 1.006956361775191
 4.873248832555037 1.00646452962027
 4.883255503669113 1.005969867709675
 4.893262174783189 1.005472407216375
 4.903268845897265 1.004972179068009
 4.913275517011341 1.004469213948431
 4.923282188125417 1.003963542299191
 4.933288859239493 1.003455194321164
 4.943295530353569 1.002944199975973
 4.953302201467645 1.002430588987522
 4.963308872581721 1.00191439084354
 4.973315543695797 1.00139563479709
 4.983322214809873 1.000874349868067
 4.993328885923949 1.000350564844705
 5.003335557038025 0.9998243082850642
 5.013342228152101 0.9992956085186111
 5.023348899266177 0.9987644936475897
 5.033355570380253 0.9982309915486374
 5.04336224149433 0.997695129874176
 5.053368912608406 0.99715693605398
 5.063375583722482 0.9966164372965629
 5.073382254836558 0.9960736605907853
 5.083388925950634 0.9955286327071829
 5.09339559706471 0.9949813801995337
 5.103402268178786 0.9944319294063003
 5.113408939292862 0.9938803064520574
 5.123415610406938 0.993326537249007
 5.133422281521014 0.9927706474983089
 5.14342895263509 0.9922126626917195
 5.153435623749166 0.9916526081128126
 5.163442294863242 0.9910905088385797
 5.173448965977318 0.9905263897407721
 5.183455637091394 0.9899602754873308
 5.19346230820547 0.9893921905438566
 5.203468979319546 0.9888221591749345
 5.213475650433622 0.988250205445663
 5.223482321547698 0.9876763532229124
 5.233488992661774 0.9871006261767907
 5.243495663775851 0.9865230477820782
 5.253502334889927 0.9859436413195307
 5.263509006004003 0.9853624298772635
 5.273515677118079 0.9847794363521711
 5.283522348232155 0.9841946834512846
 5.293529019346231 0.9836081936930472
 5.303535690460307 0.9830199894087647
 5.313542361574383 0.9824300927439098
 5.323549032688459 0.9818385256594737
 5.333555703802535 0.9812453099332468
 5.343562374916611 0.9806504671612306
 5.353569046030687 0.9800540187588866
 5.363575717144763 0.9794559859624625
 5.373582388258839 0.9788563898303594
 5.383589059372915 0.9782552512443331
 5.393595730486991 0.9776525909108555
 5.403602401601067 0.9770484293623635
 5.413609072715143 0.9764427869585526
 5.423615743829219 0.9758356838876937
 5.433622414943295 0.975227140167807
 5.443629086057372 0.9746171756479731
 5.453635757171448 0.9740058100096153
 5.463642428285524 0.9733930627676973
 5.4736490993996 0.9727789532719266
 5.483655770513676 0.9721635007081029
 5.493662441627752 0.9715467240992426
 5.503669112741828 0.9709286423068197
 5.513675783855904 0.9703092740319925
 5.52368245496998 0.9696886378167763
 5.533689126084056 0.9690667520453102
 5.543695797198132 0.9684436349449361
 5.553702468312208 0.9678193045874692
 5.563709139426284 0.9671937788903791
 5.57371581054036 0.966567075617868
 5.583722481654436 0.9659392123821131
 5.593729152768512 0.9653102066443892
 5.603735823882588 0.9646800757162651
 5.613742494996664 0.964048836760641
 5.62374916611074 0.9634165067929925
 5.633755837224816 0.962783102682414
 5.643762508338892 0.9621486411527966
 5.653769179452969 0.961513138783888
 5.663775850567045 0.9608766120124933
 5.673782521681121 0.9602390771334062
 5.683789192795197 0.9596005503006871
 5.693795863909273 0.9589610475285951
 5.703802535023349 0.9583205846928212
 5.713809206137425 0.9576791775313577
 5.723815877251501 0.957036841645751
 5.733822548365577 0.9563935925020636
 5.743829219479653 0.9557494454319388
 5.753835890593729 0.9551044156336417
 5.763842561707805 0.9544585181731118
 5.773849232821881 0.953811767984964
 5.783855903935957 0.9531641798735555
 5.793862575050033 0.9525157685139451
 5.803869246164109 0.9518665484529594
 5.813875917278185 0.9512165341101477
 5.823882588392261 0.950565739778785
 5.833889259506337 0.9499141796269198
 5.843895930620413 0.9492618676982755
 5.85390260173449 0.9486088179132652
 5.863909272848566 0.9479550440699362
 5.873915943962642 0.9473005598449892
 5.883922615076718 0.946645378794659
 5.893929286190794 0.9459895143557366
 5.90393595730487 0.9453329798464212
 5.913942628418946 0.9446757884673801
 5.923949299533022 0.9440179533025432
 5.933955970647098 0.9433594873201204
 5.943962641761174 0.9427004033734685
 5.95396931287525 0.9420407142020443
 5.963975983989326 0.9413804324322668
 5.973982655103402 0.9407195705784418
 5.983989326217478 0.9400581410435741
 5.993995997331554 0.9393961561204827
 6.00400266844563 0.9387336279923268
 6.014009339559706 0.9380705687337642
 6.024016010673782 0.9374069903117408
 6.034022681787858 0.9367429045862362
 6.044029352901934 0.9360783233112924
 6.05403602401601 0.9354132581357215
 6.064042695130087 0.9347477206040605
 6.074049366244163 0.9340817221572992
 6.084056037358239 0.9334152741337209
 6.094062708472315 0.9327483877698735
 6.104069379586391 0.9320810742011613
 6.114076050700467 0.9314133444628248
 6.124082721814543 0.9307452094906893
 6.134089392928619 0.9300766801219118
 6.144096064042695 0.9294077670959128
 6.154102735156771 0.9287384810549852
 6.164109406270847 0.9280688325451963
 6.174116077384923 0.9273988320171744
 6.184122748498999 0.9267284898267467
 6.194129419613075 0.9260578162359039
 6.204136090727151 0.9253868214133293
 6.214142761841227 0.9247155154353783
 6.224149432955303 0.9240439082866321
 6.234156104069379 0.9233720098607853
 6.244162775183455 0.9226998299612513
 6.254169446297531 0.9220273783020234
 6.264176117411608 0.9213546645083148
 6.274182788525684 0.920681698117281
 6.28418945963976 0.9200084885787913
 6.294196130753836 0.9193350452560398
 6.304202801867912 0.9186613774263821
 6.314209472981988 0.9179874942819001
 6.324216144096064 0.9173134049301591
 6.33422281521014 0.9166391183949121
 6.344229486324216 0.9159646436167647
 6.354236157438292 0.9152899894537864
 6.364242828552368 0.9146151646823147
 6.374249499666444 0.9139401779974913
 6.38425617078052 0.9132650380140067
 6.394262841894596 0.9125897532667187
 6.404269513008672 0.9119143322113101
 6.414276184122748 0.9112387832249759
 6.424282855236824 0.9105631146069576
 6.4342895263509 0.909887334579329
 6.444296197464976 0.9092114512874683
 6.454302868579052 0.9085354728008348
 6.464309539693128 0.9078594071134867
 6.474316210807205 0.9071832621447069
 6.484322881921281 0.9065070457396793
 6.494329553035357 0.9058307656700624
 6.504336224149433 0.9051544296345194
 6.514342895263509 0.9044780452594462
 6.524349566377585 0.9038016200995093
 6.534356237491661 0.9031251616381436
 6.544362908605737 0.9024486772882799
 6.554369579719813 0.9017721743928855
 6.564376250833889 0.9010956602254255
 6.574382921947965 0.9004191419906471
 6.584389593062041 0.8997426268249009
 6.594396264176117 0.8990661217968906
 6.604402935290193 0.8983896339081353
 6.614409606404269 0.8977131700935661
 6.624416277518345 0.8970367372220751
 6.634422948632421 0.8963603420969927
 6.644429619746497 0.8956839914567012
 6.654436290860573 0.895007691975154
 6.664442961974649 0.8943314502623926
 6.674449633088726 0.8936552728650706
 6.684456304202802 0.8929791662670038
 6.694462975316878 0.8923031368896324
 6.704469646430954 0.891627191092627
 6.71447631754503 0.8909513351743164
 6.724482988659106 0.8902755753721906
 6.734489659773182 0.8895999178634908
 6.744496330887258 0.8889243687656376
 6.754503002001334 0.8882489341367216
 6.76450967311541 0.8875736199760337
 6.774516344229486 0.8868984322245178
 6.784523015343562 0.8862233767652681
 6.794529686457638 0.8855484594240259
 6.804536357571714 0.8848736859696013
 6.81454302868579 0.8841990621144098
 6.824549699799866 0.8835245935148911
 6.834556370913942 0.8828502857720107
 6.844563042028018 0.8821761444316499
 6.854569713142094 0.8815021749851928
 6.86457638425617 0.8808283828698156
 6.874583055370246 0.880154773469096
 6.884589726484323 0.8794813521133285
 6.894596397598399 0.8788081240799959
 6.904603068712475 0.8781350945943432
 6.914609739826551 0.877462268829555
 6.924616410940627 0.8767896519074622
 6.934623082054703 0.8761172488987615
 6.944629753168779 0.8754450648235226
 6.954636424282855 0.8747731046516445
 6.964643095396931 0.8741013733032224
 6.974649766511007 0.8734298756489524
 6.984656437625083 0.8727586165105594
 6.994663108739159 0.8720876006612812
 7.004669779853235 0.8714168328260972
 7.014676450967311 0.8707463176822925
 7.024683122081387 0.8700760598598084
 7.034689793195463 0.8694060639415947
 7.044696464309539 0.8687363344640534
 7.054703135423615 0.8680668759173922
 7.064709806537691 0.8673976927460361
 7.074716477651767 0.8667287893489725
 7.084723148765844 0.8660601700802021
 7.09472981987992 0.8653918392490413
 7.104736490993996 0.8647238011204915
 7.114743162108072 0.8640560599156668
 7.124749833222148 0.8633886198121724
 7.134756504336224 0.8627214849443761
 7.1447631754503 0.8620546594038196
 7.154769846564376 0.861388147239611
 7.164776517678452 0.8607219524587595
 7.174783188792528 0.8600560790264858
 7.184789859906604 0.8593905308665885
 7.19479653102068 0.8587253118618601
 7.204803202134756 0.8580604258543265
 7.214809873248832 0.8573958766456792
 7.224816544362908 0.8567316679975401
 7.234823215476984 0.8560678036318338
 7.24482988659106 0.8554042872311443
 7.254836557705136 0.854741122438938
 7.264843228819212 0.854078312860111
 7.274849899933288 0.8534158620610353
 7.284856571047365 0.8527537735700599
 7.294863242161441 0.8520920508778367
 7.304869913275517 0.8514306974375402
 7.314876584389593 0.8507697166652239
 7.324883255503669 0.8501091119401807
 7.334889926617745 0.8494488866051987
 7.344896597731821 0.8487890439668404
 7.354903268845897 0.8481295872958454
 7.364909939959973 0.8474705198273381
 7.374916611074049 0.8468118447611421
 7.384923282188125 0.8461535652621744
 7.394929953302201 0.8454956844605618
 7.404936624416277 0.8448382054521388
 7.414943295530353 0.8441811312985332
 7.424949966644429 0.8435244650276124
 7.434956637758505 0.8428682096336968
 7.444963308872581 0.8422123680778759
 7.454969979986657 0.8415569432882133
 7.464976651100733 0.8409019381601324
 7.474983322214809 0.8402473555565954
 7.484989993328885 0.8395931983084647
 7.494996664442962 0.8389394692146894
 7.505003335557038 0.8382861710426391
 7.515010006671114 0.8376333065283385
 7.52501667778519 0.8369808783767162
 7.535023348899266 0.8363288892619651
 7.545030020013342 0.8356773418276443
 7.555036691127418 0.8350262386870441
 7.565043362241494 0.8343755824234625
 7.57505003335557 0.8337253755903898
 7.585056704469646 0.8330756207117572
 7.595063375583722 0.8324263202822827
 7.605070046697798 0.8317774767675852
 7.615076717811874 0.8311290926045416
 7.62508338892595 0.8304811702015134
 7.635090060040026 0.8298337119384713
 7.645096731154102 0.8291867201674267
 7.655103402268178 0.8285401972124941
 7.665110073382254 0.827894145370288
 7.67511674449633 0.827248566909968
 7.685123415610407 0.8266034640736761
 7.695130086724483 0.8259588390765932
 7.705136757838559 0.82531469410727
 7.715143428952635 0.8246710313278489
 7.725150100066712 0.8240278528742109
 7.735156771180788 0.8233851608562983
 7.745163442294864 0.8227429573582644
 7.75517011340894 0.8221012444387436
 7.765176784523016 0.8214600241309883
 7.775183455637092 0.8208192984432227
 7.785190126751168 0.8201790693586919
 7.795196797865244 0.8195393388359938
 7.80520346897932 0.8189001088092657
 7.815210140093396 0.8182613811883658
 7.825216811207472 0.8176231578590575
 7.835223482321548 0.8169854406833118
 7.845230153435624 0.81634823149945
 7.8552368245497 0.8157115321222459
 7.865243495663776 0.8150753443433429
 7.875250166777852 0.8144396699312719
 7.885256837891928 0.8138045106317551
 7.895263509006004 0.8131698681678331
 7.90527018012008 0.8125357442400344
 7.915276851234156 0.8119021405267124
 7.925283522348233 0.8112690586840967
 7.935290193462309 0.8106365003465159
 7.945296864576385 0.8100044671266403
 7.955303535690461 0.8093729606155152
 7.965310206804537 0.8087419823830325
 7.975316877918613 0.8081115339777456
 7.985323549032689 0.8074816169273895
 7.995330220146765 0.8068522327388158
 8.005336891260841 0.8062233828983306
 8.015343562374916 0.8055950688717696
 8.025350233488993 0.8049672921047222
 8.035356904603068 0.8043400540226949
 8.045363575717145 0.8037133560313178
 8.05537024683122 0.8030871995164607
 8.065376917945297 0.8024615858444156
 8.075383589059372 0.8018365163620675
 8.085390260173449 0.8012119923971198
 8.095396931287524 0.8005880152581633
 8.105403602401601 0.7999645862348881
 8.115410273515677 0.799341706598327
 8.125416944629754 0.7987193776008366
 8.135423615743829 0.7980976004764048
 8.145430286857906 0.7974763764407199
 8.155436957971981 0.7968557066914786
 8.165443629086058 0.7962355924083473
 8.175450300200133 0.7956160347532233
 8.18545697131421 0.7949970348703685
 8.195463642428285 0.7943785938866059
 8.205470313542362 0.7937607129114198
 8.215476984656437 0.7931433930370202
 8.225483655770514 0.7925266353387725
 8.235490326884589 0.7919104408749992
 8.245496997998666 0.7912948106873754
 8.255503669112741 0.7906797458009855
 8.265510340226818 0.790065247224415
 8.275517011340893 0.7894513159500327
 8.28552368245497 0.7888379529539724
 8.295530353569045 0.7882251591964333
 8.305537024683122 0.7876129356216537
 8.315543695797198 0.7870012831581621
 8.325550366911274 0.7863902027189209
 8.33555703802535 0.7857796952014078
 8.345563709139427 0.7851697614877184
 8.355570380253502 0.7845604024448529
 8.365577051367579 0.7839516189246745
 8.375583722481654 0.7833434117641329
 8.385590393595731 0.7827357817854027
 8.395597064709806 0.7821287297959469
 8.405603735823883 0.7815222565887373
 8.415610406937958 0.7809163629422594
 8.425617078052035 0.7803110496207973
 8.43562374916611 0.779706317374425
 8.445630420280187 0.7791021669391986
 8.455637091394262 0.7784985990372391
 8.465643762508339 0.7778956143768512
 8.475650433622414 0.7772932136527688
 8.485657104736491 0.7766913975460827
 8.495663775850566 0.7760901667245027
 8.505670446964643 0.7754895218424115
 8.515677118078719 0.7748894635409765
 8.525683789192795 0.7742899924483686
 8.535690460306871 0.773691109179675
 8.545697131420948 0.773092814337249
 8.555703802535023 0.7724951085106518
 8.5657104736491 0.7718979922768541
 8.575717144763175 0.7713014662002927
 8.585723815877252 0.7707055308330228
 8.595730486991327 0.7701101867148139
 8.605737158105404 0.7695154343732776
 8.615743829219479 0.7689212743239177
 8.625750500333556 0.7683277070702961
 8.635757171447631 0.7677347331041258
 8.645763842561708 0.7671423529053945
 8.655770513675783 0.7665505669423587
 8.66577718478986 0.7659593756718588
 8.675783855903935 0.7653687795392017
 8.685790527018012 0.7647787789783929
 8.695797198132087 0.7641893744122104
 8.705803869246164 0.7636005662522998
 8.71581054036024 0.7630123548992793
 8.725817211474316 0.7624247407428226
 8.735823882588392 0.7618377241617398
 8.745830553702469 0.7612513055241963
 8.755837224816544 0.7606654851875938
 8.765843895930621 0.7600802634988886
 8.775850567044696 0.7594956407945521
 8.785857238158773 0.7589116174006686
 8.795863909272848 0.7583281936331245
 8.805870580386925 0.75774536979759
 8.815877251501 0.7571631461896325
 8.825883922615077 0.7565815230949364
 8.835890593729152 0.7560005007891872
 8.845897264843229 0.7554200795382873
 8.855903935957304 0.7548402595984929
 8.865910607071381 0.7542610412163039
 8.875917278185456 0.7536824246288205
 8.885923949299533 0.7531044100635643
 8.895930620413608 0.7525269977388023
 8.905937291527685 0.7519501878633794
 8.91594396264176 0.7513739806371309
 8.925950633755837 0.7507983762505965
 8.935957304869913 0.7502233748853835
 8.94596397598399 0.7496489767141468
 8.955970647098065 0.7490751819006172
 8.965977318212142 0.7485019905998391
 8.975983989326217 0.7479294029580872
 8.985990660440294 0.7473574191129806
 8.995997331554369 0.7467860391937148
 9.006004002668446 0.7462152633208869
 9.016010673782521 0.7456450916067849
 9.026017344896598 0.7450755241553517
 9.036024016010673 0.7445065610623238
 9.04603068712475 0.7439382024153105
 9.056037358238825 0.7433704482937291
 9.066044029352902 0.7428032987691158
 9.076050700466977 0.7422367539050001
 9.086057371581054 0.7416708137571204
 9.096064042695129 0.7411054783732949
 9.106070713809206 0.7405407477938134
 9.116077384923281 0.7399766220511961
 9.126084056037358 0.739413101170458
 9.136090727151434 0.7388501851690497
 9.14609739826551 0.7382878740570797
 9.156104069379586 0.7377261678371991
 9.166110740493663 0.7371650665049065
 9.176117411607738 0.7366045700483539
 9.186124082721815 0.7360446784485816
 9.19613075383589 0.7354853916795958
 9.206137424949967 0.7349267097082659
 9.216144096064042 0.7343686324946549
 9.226150767178119 0.7338111599918249
 9.236157438292194 0.733254292146102
 9.246164109406271 0.7326980288969994
 9.256170780520346 0.7321423701773594
 9.266177451634423 0.7315873159133905
 9.276184122748498 0.7310328660247289
 9.286190793862575 0.7304790204245322
 9.29619746497665 0.7299257790194973
 9.306204136090727 0.729373141709964
 9.316210807204802 0.7288211083899392
 9.326217478318879 0.7282696789471531
 9.336224149432955 0.7277188532631864
 9.346230820547031 0.7271686312134646
 9.356237491661107 0.7266190126672953
 9.366244162775184 0.726069997488025
 9.376250833889259 0.7255215855330146
 9.386257505003336 0.7249737766537236
 9.396264176117411 0.7244265706957509
 9.406270847231488 0.7238799674989279
 9.416277518345563 0.7233339668973509
 9.42628418945964 0.7227885687194306
 9.436290860573715 0.7222437727879403
 9.446297531687792 0.7216995789201293
 9.456304202801867 0.7211559869276598
 9.466310873915944 0.7206129966168846
 9.476317545030019 0.7200706077885607
 9.486324216144096 0.7195288202382442
 9.496330887258171 0.7189876337560779
 9.506337558372248 0.7184470481270557
 9.516344229486323 0.7179070631309467
 9.5263509006004 0.7173676785423407
 9.536357571714476 0.7168288941307663
 9.546364242828552 0.7162907096607127
 9.556370913942628 0.7157531248916373
 9.566377585056705 0.715216139578147
 9.57638425617078 0.714679753469861
 9.586390927284857 0.714143966311604
 9.596397598398932 0.7136087778433944
 9.606404269513009 0.7130741878005222
 9.616410940627084 0.7125401959135591
 9.626417611741161 0.7120068019084058
 9.636424282855236 0.7114740055064142
 9.646430953969313 0.7109418064243236
 9.656437625083388 0.7104102043743608
 9.666444296197465 0.70987919906438
 9.67645096731154 0.7093487901976978
 9.686457638425617 0.7088189774733238
 9.696464309539692 0.7082897605859235
 9.706470980653769 0.7077611392258605
 9.716477651767844 0.7072331130792655
 9.726484322881921 0.7067056818280961
 9.736490993995996 0.7061788451501342
 9.746497665110073 0.7056526027190437
 9.756504336224149 0.7051269542044072
 9.766511007338226 0.704601899271825
 9.776517678452301 0.7040774375828568
 9.786524349566378 0.7035535687952161
 9.796531020680453 0.7030302925625874
 9.80653769179453 0.7025076085348694
 9.816544362908605 0.7019855163581216
 9.826551034022682 0.701464015674615
 9.836557705136757 0.7009431061229658
 9.846564376250834 0.7004227873379139
 9.856571047364909 0.6999030589506718
 9.866577718478986 0.6993839205888552
 9.876584389593061 0.6988653718763311
 9.886591060707138 0.6983474124336072
 9.896597731821213 0.697830041877582
 9.90660440293529 0.6973132598216867
 9.916611074049365 0.6967970658759649
 9.926617745163442 0.6962814596469905
 9.936624416277517 0.6957664407380599
 9.946631087391594 0.6952520087491105
 9.95663775850567 0.6947381632767735
 9.966644429619747 0.6942249039144408
 9.976651100733822 0.6937122302523371
 9.986657771847899 0.6932001418774147
 9.996664442961974 0.6926886383735501
 10.00667111407605 0.6921777193215152
 10.01667778519013 0.6916673842989586
 10.0266844563042 0.6911576328804936
 10.03669112741828 0.6906484646377737
 10.04669779853235 0.6901398791394326
 10.05670446964643 0.6896318759511809
 10.06671114076051 0.6891244546357879
 10.07671781187458 0.6886176147532417
 10.08672448298866 0.6881113558605179
 10.09673115410273 0.6876056775119661
 10.10673782521681 0.6871005792590575
 10.11674449633089 0.6865960606505307
 10.12675116744496 0.6860921212323653
 10.13675783855904 0.6855887605479505
 10.14676450967312 0.6850859781379515
 10.15677118078719 0.684583773540397
 10.16677785190127 0.6840821462908271
 10.17678452301534 0.6835810959221456
 10.18679119412942 0.683080621964633
 10.19679786524349 0.6825807239462369
 10.20680453635757 0.6820814013923149
 10.21681120747165 0.6815826538258225
 10.22681787858572 0.6810844807673126
 10.2368245496998 0.6805868817349296
 10.24683122081388 0.6800898562444042
 10.25683789192795 0.6795934038092366
 10.26684456304203 0.679097523940587
 10.2768512341561 0.6786022161473146
 10.28685790527018 0.6781074799360408
 10.29686457638426 0.677613314811168
 10.30687124749833 0.6771197202749748
 10.31687791861241 0.6766266958274352
 10.32688458972648 0.6761342409664731
 10.33689126084056 0.6756423551879016
 10.34689793195464 0.6751510379854129
 10.35690460306871 0.6746602888506386
 10.36691127418279 0.6741701072732286
 10.37691794529687 0.6736804927407394
 10.38692461641094 0.6731914447387903
 10.39693128752502 0.6727029627510928
 10.40693795863909 0.67221504625924
 10.41694462975317 0.6717276947431483
 10.42695130086724 0.6712409076807151
 10.43695797198132 0.6707546845479565
 10.4469646430954 0.6702690248191199
 10.45697131420947 0.669783927966654
 10.46697798532355 0.6692993934610647
 10.47698465643763 0.6688154207712956
 10.4869913275517 0.6683320093644315
 10.49699799866578 0.6678491587058457
 10.50700466977985 0.6673668682592397
 10.51701134089393 0.6668851374865739
 10.52701801200801 0.6664039658482592
 10.53702468312208 0.6659233528030029
 10.54703135423616 0.6654432978079301
 10.55703802535023 0.664963800318553
 10.56704469646431 0.6644848597888924
 10.57705136757839 0.6640064756713107
 10.58705803869246 0.6635286474167745
 10.59706470980654 0.6630513744746059
 10.60707138092061 0.6625746562928152
 10.61707805203469 0.662098492317772
 10.62708472314877 0.6616228819946005
 10.63709139426284 0.6611478247668303
 10.64709806537692 0.6606733200767072
 10.65710473649099 0.6601993673650819
 10.66711140760507 0.6597259660714269
 10.67711807871915 0.659253115633857
 10.68712474983322 0.6587808154892112
 10.6971314209473 0.6583090650729899
 10.70713809206137 0.6578378638194877
 10.71714476317545 0.6573672111616822
 10.72715143428953 0.6568971065312498
 10.7371581054036 0.6564275493587904
 10.74716477651768 0.6559585390735811
 10.75717144763176 0.6554900751037578
 10.76717811874583 0.6550221568763461
 10.77718478985991 0.6545547838170663
 10.78719146097398 0.6540879553506982
 10.79719813208806 0.6536216709007948
 10.80720480320213 0.6531559298898089
 10.81721147431621 0.652690731739157
 10.82721814543029 0.6522260758692225
 10.83722481654436 0.6517619616992631
 10.84723148765844 0.6512983886476043
 10.85723815877252 0.6508353561314577
 10.86724482988659 0.6503728635671728
 10.87725150100067 0.6499109103700035
 10.88725817211474 0.649449495954296
 10.89726484322882 0.6489886197335043
 10.9072715143429 0.6485282811200473
 10.91727818545697 0.6480684795255436
 10.92728485657105 0.6476092143606433
 10.93729152768512 0.6471504850351715
 10.9472981987992 0.6466922909580721
 10.95730486991328 0.6462346315373919
 10.96731154102735 0.6457775061804025
 10.97731821214143 0.6453209142936112
 10.9873248832555 0.6448648552825894
 10.99733155436958 0.6444093285522829
 11.00733822548366 0.64395433350669
 11.01734489659773 0.6434998695492127
 11.02735156771181 0.6430459360824593
 11.03735823882588 0.6425925325082424
 11.04736490993996 0.642139658227773
 11.05737158105404 0.6416873126414816
 11.06737825216811 0.6412354951491224
 11.07738492328219 0.6407842051498824
 11.08739159439626 0.6403334420421585
 11.09739826551034 0.6398832052238008
 11.10740493662442 0.6394334940919584
 11.11741160773849 0.6389843080432058
 11.12741827885257 0.6385356464735735
 11.13742494996665 0.6380875087783691
 11.14743162108072 0.6376398943524513
 11.1574382921948 0.6371928025900591
 11.16744496330887 0.6367462328848799
 11.17745163442295 0.6363001846301132
 11.18745830553702 0.635854657218372
 11.1974649766511 0.6354096500418114
 11.20747164776518 0.634965162492056
 11.21747831887925 0.6345211939602519
 11.22748498999333 0.6340777438371279
 11.23749166110741 0.6336348115128376
 11.24749833222148 0.6331923963772143
 11.25750500333556 0.6327504978195554
 11.26751167444963 0.6323091152288308
 11.27751834556371 0.6318682479934405
 11.28752501667778 0.6314278955016015
 11.29753168779186 0.6309880571409404
 11.30753835890594 0.6305487322988667
 11.31754503002001 0.6301099203622931
 11.32755170113409 0.629671620717829
 11.33755837224817 0.6292338327517771
 11.34756504336224 0.6287965558500528
 11.35757171447632 0.6283597893982826
 11.36757838559039 0.6279235327818136
 11.37758505670447 0.6274877853855916
 11.38759172781855 0.6270525465943645
 11.39759839893262 0.6266178157925404
 11.4076050700467 0.6261835923643326
 11.41761174116077 0.6257498756936388
 11.42761841227485 0.6253166651641014
 11.43762508338893 0.6248839601591918
 11.447631754503 0.6244517600620592
 11.45763842561708 0.6240200642557401
 11.46764509673115 0.6235888721229873
 11.47765176784523 0.623158183046435
 11.48765843895931 0.6227279964083701
 11.49766511007338 0.6222983115911257
 11.50767178118746 0.6218691279766533
 11.51767845230153 0.6214404449469115
 11.52768512341561 0.6210122618836006
 11.53769179452969 0.6205845781683601
 11.54769846564376 0.6201573931826057
 11.55770513675784 0.6197307063077885
 11.56771180787191 0.619304516925013
 11.57771847898599 0.6188788244155151
 11.58772515010007 0.6184536281603119
 11.59773182121414 0.6180289275403459
 11.60773849232822 0.6176047219364929
 11.6177451634423 0.6171810107295835
 11.62775183455637 0.6167577933003827
 11.63775850567045 0.6163350690295361
 11.64776517678452 0.6159128372978095
 11.6577718478986 0.615491097485671
 11.66777851901267 0.6150698489738576
 11.67778519012675 0.6146490911429014
 11.68779186124083 0.6142288233733283
 11.6977985323549 0.6138090450457997
 11.70780520346898 0.6133897555408714
 11.71781187458306 0.6129709542391102
 11.72781854569713 0.6125526405211352
 11.73782521681121 0.6121348137675761
 11.74783188792528 0.6117174733591915
 11.75783855903936 0.611300618676623
 11.76784523015344 0.6108842491007042
 11.77785190126751 0.6104683640123065
 11.78785857238159 0.6100529627922753
 11.79786524349566 0.6096380448216341
 11.80787191460974 0.609223609481484
 11.81787858572382 0.6088096561529199
 11.82788525683789 0.6083961842172871
 11.83789192795197 0.6079831930558596
 11.84789859906604 0.6075706820501734
 11.85790527018012 0.6071586505817943
 11.8679119412942 0.6067470980324521
 11.87791861240827 0.6063360237839623
 11.88792528352235 0.605925427218391
 11.89793195463642 0.605515307717815
 11.9079386257505 0.6051056646644979
 11.91794529686458 0.604696497440927
 11.92795196797865 0.6042878054297378
 11.93795863909273 0.6038795880136807
 11.9479653102068 0.6034718445756309
 11.95797198132088 0.6030645744989018
 11.96797865243496 0.6026577771666962
 11.97798532354903 0.602251451962576
 11.98799199466311 0.6018455982703195
 11.99799866577719 0.6014402154738412
 12.00800533689126 0.6010353029572368
 12.01801200800534 0.600630860104981
 12.02801867911941 0.6002268863016326
 12.03802535023349 0.599823380932045
 12.04803202134756 0.5994203433812508
 12.05803869246164 0.599017773034612
 12.06804536357572 0.598615669277717
 12.07805203468979 0.5982140314963421
 12.08805870580387 0.5978128590765731
 12.09806537691795 0.597412151404815
 12.10807204803202 0.5970119078676411
 12.1180787191461 0.5966121278519916
 12.12808539026017 0.5962128107449982
 12.13809206137425 0.5958139559341755
 12.14809873248833 0.5954155628072921
 12.1581054036024 0.5950176307524069
 12.16811207471648 0.5946201591578357
 12.17811874583055 0.5942231474123332
 12.18812541694463 0.5938265949048367
 12.19813208805871 0.593430501024703
 12.20813875917278 0.593034865161524
 12.21814543028686 0.5926396867052168
 12.22815210140093 0.592244965046183
 12.23815877251501 0.5918506995749797
 12.24816544362909 0.5914568896825929
 12.25817211474316 0.5910635347603461
 12.26817878585724 0.5906706341999211
 12.27818545697131 0.5902781873933431
 12.28819212808539 0.5898861937329896
 12.29819879919947 0.589494652611654
 12.30820547031354 0.5891035634224314
 12.31821214142762 0.5887129255588239
 12.32821881254169 0.5883227384147534
 12.33822548365577 0.587933001384435
 12.34823215476985 0.5875437138625402
 12.35823882588392 0.5871548752440898
 12.368245496998 0.5867664849246129
 12.37825216811208 0.5863785422998383
 12.38825883922615 0.5859910467660845
 12.39826551034023 0.5856039977199494
 12.4082721814543 0.5852173945585126
 12.41827885256838 0.5848312366793412
 12.42828552368245 0.5844455234801901
 12.43829219479653 0.5840602543594779
 12.44829886591061 0.5836754287159487
 12.45830553702468 0.5832910459487854
 12.46831220813876 0.5829071054575913
 12.47831887925284 0.5825236066423896
 12.48832555036691 0.5821405489037623
 12.49833222148099 0.5817579316426372
 12.50833889259506 0.5813757542604129
 12.51834556370914 0.5809940161589207
 12.52835223482322 0.5806127167404742
 12.53835890593729 0.5802318554078538
 12.54836557705137 0.579851431564289
 12.55837224816544 0.5794714446134797
 12.56837891927952 0.5790918939596195
 12.5783855903936 0.5787127790073299
 12.58839226150767 0.5783340991617331
 12.59839893262175 0.5779558538284724
 12.60840560373582 0.5775780424136379
 12.6184122748499 0.5772006643237664
 12.62841894596398 0.5768237189659331
 12.63842561707805 0.5764472057477362
 12.64843228819213 0.5760711240772005
 12.6584389593062 0.5756954733628907
 12.66844563042028 0.5753202530139004
 12.67845230153436 0.5749454624397279
 12.68845897264843 0.5745711010504873
 12.69846564376251 0.5741971682567786
 12.70847231487658 0.5738236634696696
 12.71847898599066 0.5734505861008166
 12.72848565710474 0.5730779355623248
 12.73849232821881 0.572705711266895
 12.74849899933289 0.5723339126276588
 12.75850567044697 0.5719625390583685
 12.76851234156104 0.5715915899732655
 12.77851901267512 0.5712210647870911
 12.78852568378919 0.5708509629152672
 12.79853235490327 0.5704812837735379
 12.80853902601734 0.5701120267782941
 12.81854569713142 0.5697431913465578
 12.8285523682455 0.5693747768957463
 12.83855903935957 0.5690067828439684
 12.84856571047365 0.5686392086097309
 12.85857238158773 0.5682720536122061
 12.8685790527018 0.5679053172711257
 12.87858572381588 0.5675389990066795
 12.88859239492995 0.567173098239713
 12.89859906604403 0.5668076143915949
 12.9086057371581 0.566442546884288
 12.91861240827218 0.5660778951403196
 12.92861907938626 0.5657136585826918
 12.93862575050033 0.5653498366351617
 12.94863242161441 0.564986428721894
 12.95863909272849 0.5646234342676918
 12.96864576384256 0.5642608526979678
 12.97865243495664 0.5638986834386444
 12.98865910607071 0.5635369259162808
 12.99866577718479 0.563175579558029
 13.00867244829887 0.5628146437915497
 13.01867911941294 0.5624541180452558
 13.02868579052702 0.5620940017479016
 13.03869246164109 0.561734294329034
 13.04869913275517 0.5613749952187607
 13.05870580386925 0.5610161038477327
 13.06871247498332 0.5606576196471978
 13.0787191460974 0.5602995420490937
 13.08872581721147 0.559941870485845
 13.09873248832555 0.5595846043905426
 13.10873915943963 0.559227743196868
 13.1187458305537 0.5588712863390923
 13.12875250166778 0.5585152332521743
 13.13875917278185 0.5581595833715256
 13.14876584389593 0.5578043361333569
 13.15877251501001 0.5574494909743462
 13.16877918612408 0.5570950473318366
 13.17878585723816 0.5567410046438765
 13.18879252835223 0.5563873623489347
 13.19879919946631 0.5560341198862637
 13.20880587058039 0.5556812766956616
 13.21881254169446 0.5553288322176406
 13.22881921280854 0.5549767858932023
 13.23882588392262 0.5546251371640594
 13.24883255503669 0.5542738854725321
 13.25883922615077 0.5539230302615569
 13.26884589726484 0.5535725709747599
 13.27885256837892 0.5532225070562937
 13.28885923949299 0.5528728379510442
 13.29886591060707 0.5525235631043803
 13.30887258172115 0.5521746819625648
 13.31887925283522 0.5518261939722889
 13.3288859239493 0.5514780985808752
 13.33889259506338 0.5511303952364293
 13.34889926617745 0.5507830833875378
 13.35890593729153 0.5504361624835565
 13.3689126084056 0.5500896319743971
 13.37891927951968 0.5497434913107015
 13.38892595063376 0.5493977399436117
 13.39893262174783 0.5490523773250936
 13.40893929286191 0.5487074029076239
 13.41894596397598 0.5483628161443901
 13.42895263509006 0.5480186164892131
 13.43895930620414 0.5476748033965623
 13.44896597731821 0.547331376321563
 13.45897264843229 0.5469883347199768
 13.46897931954636 0.546645678048238
 13.47898599066044 0.5463034057634175
 13.48899266177452 0.5459615173232939
 13.49899933288859 0.5456200121862362
 13.50900600400267 0.5452788898112686
 13.51901267511674 0.5449381496580641
 13.52901934623082 0.5445977911870654
 13.5390260173449 0.5442578138592868
 13.54903268845897 0.5439182171363683
 13.55903935957305 0.5435790004806647
 13.56904603068712 0.5432401633551873
 13.5790527018012 0.5429017052236534
 13.58905937291528 0.5425636255502911
 13.59906604402935 0.5422259238002132
 13.60907271514343 0.5418885994389787
 13.61907938625751 0.5415516519329608
 13.62908605737158 0.5412150807491936
 13.63909272848566 0.5408788853552362
 13.64909939959973 0.5405430652194887
 13.65910607071381 0.5402076198109698
 13.66911274182788 0.5398725485992697
 13.67911941294196 0.5395378510547633
 13.68912608405604 0.5392035266484335
 13.69913275517011 0.5388695748520125
 13.70913942628419 0.5385359951377939
 13.71914609739827 0.5382027869788101
 13.72915276851234 0.5378699498487582
 13.73915943962642 0.5375374832220262
 13.74916611074049 0.5372053865736419
 13.75917278185457 0.536873659379252
 13.76917945296865 0.5365423011153424
 13.77918612408272 0.5362113112588975
 13.7891927951968 0.5358806892877114
 13.79919946631087 0.5355504346802211
 13.80920613742495 0.535220546915451
 13.81921280853903 0.5348910254732075
 13.8292194796531 0.5345618698339348
 13.83922615076718 0.5342330794787409
 13.84923282188125 0.5339046538894416
 13.85923949299533 0.5335765925485558
 13.86924616410941 0.5332488949392071
 13.87925283522348 0.5329215605452303
 13.88925950633756 0.5325945888511822
 13.89926617745163 0.5322679793422157
 13.90927284856571 0.5319417315042605
 13.91927951967979 0.5316158448238993
 13.92928619079386 0.5312903187882663
 13.93929286190794 0.5309651528854187
 13.94929953302201 0.530640346603904
 13.95930620413609 0.5303158994329742
 13.96931287525017 0.5299918108626755
 13.97931954636424 0.5296680803836219
 13.98932621747832 0.529344707487182
 13.9993328885924 0.5290216916653596
 14.00933955970647 0.5286990324108318
 14.01934623082055 0.5283767292169912
 14.02935290193462 0.5280547815779761
 14.0393595730487 0.5277331889885053
 14.04936624416277 0.5274119509439714
 14.05937291527685 0.5270910669405632
 14.06937958639093 0.5267705364750406
 14.079386257505 0.5264503590449618
 14.08939292861908 0.5261305341483772
 14.09939959973316 0.5258110612843118
 14.10940627084723 0.5254919399521818
 14.11941294196131 0.5251731696523179
 14.12941961307538 0.5248547498855671
 14.13942628418946 0.5245366801535629
 14.14943295530353 0.5242189599585594
 14.15943962641761 0.5239015888035605
 14.16944629753169 0.523584566192234
 14.17945296864576 0.5232678916288861
 14.18945963975984 0.5229515646186024
 14.19946631087392 0.5226355846670034
 14.20947298198799 0.5223199512805596
 14.21947965310207 0.5220046639663702
 14.22948632421614 0.5216897222321226
 14.23949299533022 0.5213751255863704
 14.2494996664443 0.5210608735381941
 14.25950633755837 0.5207469655974121
 14.26951300867245 0.5204334012745637
 14.27951967978652 0.5201201800808335
 14.2895263509006 0.5198073015280945
 14.29953302201468 0.5194947651289556
 14.30953969312875 0.5191825703966094
 14.31954636424283 0.5188707168450304
 14.3295530353569 0.5185592039887945
 14.33955970647098 0.5182480313432829
 14.34956637758506 0.5179371984244078
 14.35957304869913 0.5176267047488912
 14.36957971981321 0.5173165498340809
 14.37958639092728 0.5170067331979975
 14.38959306204136 0.516697254359417
 14.39959973315544 0.516388112837691
 14.40960640426951 0.5160793081529873
 14.41961307538359 0.5157708398259673
 14.42961974649766 0.5154627073782001
 14.43962641761174 0.515154910331806
 14.44963308872582 0.5148474482095969
 14.45963975983989 0.5145403205350336
 14.46964643095397 0.5142335268324253
 14.47965310206805 0.5139270666265432
 14.48965977318212 0.5136209394429898
 14.4996664442962 0.5133151448079794
 14.50967311541027 0.5130096822484473
 14.51967978652435 0.5127045512920529
 14.52968645763842 0.5123997514669756
 14.5396931287525 0.5120952823022542
 14.54969979986658 0.5117911433274536
 14.55970647098065 0.5114873340730193
 14.56971314209473 0.5111838540698483
 14.57971981320881 0.5108807028496942
 14.58972648432288 0.510577879944844
 14.59973315543696 0.5102753848884503
 14.60973982655103 0.5099732172141318
 14.61974649766511 0.5096713764563459
 14.62975316877919 0.5093698621501797
 14.63975983989326 0.5090686738313152
 14.64976651100734 0.5087678110362919
 14.65977318212141 0.5084672733021756
 14.66977985323549 0.5081670601667247
 14.67978652434957 0.5078671711684524
 14.68979319546364 0.5075676058464852
 14.69979986657772 0.5072683637405992
 14.70980653769179 0.5069694443913384
 14.71981320880587 0.5066708473398795
 14.72981987991995 0.5063725721280382
 14.73982655103402 0.5060746182983402
 14.7498332221481 0.5057769853939604
 14.75983989326217 0.5054796729587798
 14.76984656437625 0.5051826805373678
 14.77985323549033 0.5048860076749044
 14.7898599066044 0.5045896539172345
 14.79986657771848 0.50429361881097
 14.80987324883255 0.5039979019033272
 14.81987991994663 0.5037025027421874
 14.82988659106071 0.503407420876161
 14.83989326217478 0.5031126558544651
 14.84989993328886 0.5028182072269465
 14.85990660440294 0.5025240745442766
 14.86991327551701 0.5022302573576485
 14.87991994663109 0.5019367552190286
 14.88992661774516 0.5016435676809623
 14.89993328885924 0.5013506942966764
 14.90993995997331 0.5010581346201823
 14.91994663108739 0.5007658882059638
 14.92995330220147 0.5004739546093238
 14.93995997331554 0.5001823333861727
 14.94996664442962 0.4998910240930947
 14.9599733155437 0.4996000262873153
 14.96997998665777 0.4993093395267788
 14.97998665777185 0.4990189633700444
 14.98999332888592 0.4987288973763393
 15 0.4984391411055971


